# ID    X       Y       F814    F606-F814 dx     dy
1	0082.2	0787.2	17.12	0.726	0.02	-0.25
2	0085.6	1003.0	17.58	0.783	0.38	-0.39
3	0098.8	1154.0	21.11	1.359	0.19	-0.20
4	0104.7	0956.7	21.70	1.456	0.31	0.28
5	0106.4	0972.1	20.88	1.340	-0.38	-0.06
6	0121.0	1083.0	16.34	0.649	-0.04	-0.11
7	0121.1	1041.0	19.89	1.214	-0.08	-0.41
8	0122.5	1190.0	21.43	1.397	0.37	-0.07
9	0142.1	1712.0	16.78	0.680	-0.02	-0.16
10	0146.1	0916.7	23.12	1.867	-0.10	-0.02
11	0146.7	1854.0	18.79	0.989	0.35	0.05
12	0146.9	1185.0	18.55	0.938	0.10	-0.13
13	0148.7	1371.0	20.89	1.334	0.26	-0.15
14	0150.5	1087.0	21.67	1.441	-0.42	-0.14
15	0152.8	1104.0	21.22	1.373	0.13	-0.26
16	0155.9	1836.0	24.09	2.436	0.21	-0.17
17	0157.2	1489.0	21.53	1.421	-0.06	0.19
18	0159.3	1927.0	19.56	1.154	0.07	0.48
19	0162.6	1525.0	19.13	1.076	0.30	-0.26
20	0165.0	1082.0	20.95	1.338	0.04	0.06
21	0166.1	0969.5	17.16	0.731	-0.09	-0.52
22	0171.4	2346.0	18.70	0.992	-0.28	0.30
23	0174.5	2293.0	20.74	1.317	0.42	0.00
24	0175.6	2154.0	23.13	1.851	0.25	0.16
25	0177.6	2201.0	17.34	0.742	0.05	0.15
26	0182.8	2191.0	19.81	1.198	0.15	0.20
27	0184.2	2242.0	23.50	2.067	0.07	-0.01
28	0185.6	2110.0	17.40	0.753	0.24	0.02
29	0192.0	1471.0	20.75	1.320	0.03	-0.06
30	0195.5	2288.0	19.34	1.110	-0.17	-0.03
31	0195.7	2510.0	20.41	1.284	0.35	0.31
32	0198.3	1209.0	20.66	1.302	-0.33	0.16
33	0199.1	1505.0	26.21	0.935	0.48	-0.92
34	0200.1	1487.0	26.45	0.989	-0.72	0.12
35	0202.7	1935.0	17.53	0.780	0.20	-0.05
36	0204.3	2596.0	17.48	0.771	-0.26	0.14
37	0204.9	1987.0	18.98	1.024	0.07	-0.14
38	0205.0	1638.0	20.68	1.306	0.00	0.06
39	0205.9	1237.0	19.84	1.196	0.12	0.33
40	0207.8	2794.0	17.45	0.766	0.21	-0.11
41	0208.3	1946.0	18.50	0.955	-0.27	-0.26
42	0209.1	1835.0	20.90	1.338	-0.12	0.08
43	0210.7	2477.0	26.79	1.267	0.02	0.16
44	0212.8	1552.0	27.52	1.341	0.23	0.80
45	0212.8	2926.0	20.42	1.281	0.25	-0.16
46	0213.2	2545.0	18.64	0.982	0.14	0.28
47	0215.7	2998.0	15.34	0.642	-0.21	0.00
48	0215.9	2648.0	17.57	0.788	0.13	-0.03
49	0218.0	1180.0	21.91	1.468	-0.01	0.09
50	0218.1	2116.0	20.04	1.245	-0.05	-0.11
51	0218.4	2195.0	17.48	0.781	-0.32	0.03
52	0220.5	1591.0	18.73	0.988	0.41	0.15
53	0222.6	2583.0	20.58	1.302	0.07	-0.45
54	0226.0	2781.0	17.61	0.789	-0.03	0.19
55	0232.2	1925.0	17.48	0.764	-0.07	-0.38
56	0235.8	2147.0	21.22	1.378	0.19	-0.07
57	0236.2	3275.0	20.56	1.286	-0.11	-0.33
58	0240.3	1840.0	20.40	1.272	-0.24	-0.13
59	0246.1	1650.0	20.55	1.295	-0.10	0.08
60	0246.1	3064.0	20.27	1.273	-0.05	-0.07
61	0248.4	1948.0	26.67	1.076	-0.67	0.14
62	0251.0	3322.0	16.99	0.694	-0.11	-0.10
63	0251.1	1906.0	17.18	0.723	-0.06	-0.15
64	0252.2	1500.0	19.74	1.195	-0.14	0.05
65	0253.1	2890.0	21.00	1.326	-0.05	-0.25
66	0254.2	2105.0	17.77	0.812	-0.18	0.05
67	0254.2	3526.0	21.70	1.422	-0.23	-0.44
68	0256.8	1691.0	19.46	1.143	0.09	-0.23
69	0258.4	3098.0	22.48	1.641	-0.08	-0.23
70	0259.7	1667.0	22.07	1.510	0.14	-0.19
71	0259.8	2547.0	20.81	1.323	0.16	-0.22
72	0260.5	1987.0	19.86	1.186	-0.11	0.01
73	0261.8	1170.0	19.75	1.183	0.25	0.20
74	0263.2	3209.0	20.01	1.226	-0.19	-0.14
75	0265.7	3200.0	19.93	1.219	0.27	0.10
76	0265.9	3440.0	19.72	1.147	0.09	-0.15
77	0266.1	1848.0	19.81	1.212	-0.11	0.11
78	0266.5	1714.0	19.60	1.154	0.14	-0.08
79	0266.9	2566.0	17.02	0.710	0.11	0.27
80	0267.9	3548.0	20.77	1.302	0.13	-0.03
81	0268.3	1615.0	27.11	0.488	-0.07	0.53
82	0268.4	1074.0	21.00	1.356	0.02	-0.42
83	0273.0	3578.0	20.56	1.278	-0.03	0.35
84	0274.5	3077.0	17.80	0.814	0.08	-0.20
85	0275.3	2114.0	19.71	1.289	0.06	0.10
86	0275.8	2420.0	19.32	1.111	0.15	-0.15
87	0277.3	1858.0	16.83	0.686	-0.14	-0.30
88	0277.6	3832.0	17.65	0.774	0.20	-0.16
89	0279.2	3792.0	16.31	0.624	-0.24	-0.38
90	0280.2	2721.0	17.77	0.807	-0.23	0.23
91	0282.3	1491.0	16.72	0.681	-0.25	-0.31
92	0283.4	3540.0	21.93	1.458	-0.36	0.05
93	0284.0	2979.0	19.84	1.135	0.03	0.35
94	0284.2	2808.0	18.52	0.944	-0.12	0.17
95	0284.4	3255.0	17.11	0.711	-0.23	-0.19
96	0285.3	3342.0	16.56	0.660	-0.14	0.09
97	0286.3	2212.0	17.26	0.733	-0.13	0.23
98	0287.3	3442.0	19.79	1.175	-0.26	-0.02
99	0292.0	2427.0	20.29	1.261	0.03	0.16
100	0292.3	2404.0	21.35	1.396	-0.17	-0.15
101	0293.9	3866.0	16.09	0.611	0.07	-0.22
102	0296.1	2529.0	20.50	1.291	-0.08	-0.31
103	0296.5	2663.0	21.82	1.453	0.12	-0.22
104	0297.5	3739.0	22.46	1.586	0.50	-0.09
105	0299.5	3317.0	26.53	1.039	0.34	0.74
106	0299.9	1939.0	27.33	1.286	0.06	-1.14
107	0300.6	1568.0	18.96	1.033	0.44	0.05
108	0302.0	2655.0	20.76	1.316	-0.04	-0.32
109	0304.1	3142.0	17.71	0.787	-0.05	-0.09
110	0305.3	3366.0	20.98	1.338	-0.09	-0.16
111	0306.3	1879.0	17.90	0.828	-0.26	-0.23
112	0307.1	1966.0	23.03	1.785	-0.04	0.26
113	0307.4	2627.0	17.79	0.798	0.36	-0.15
114	0307.9	3455.0	20.18	1.235	0.09	0.33
115	0308.4	1794.0	17.94	0.834	0.22	0.04
116	0308.8	2138.0	20.06	1.226	0.19	-0.06
117	0311.6	2506.0	15.74	0.614	0.03	0.04
118	0312.0	3713.0	20.56	1.278	0.04	-0.40
119	0315.9	3322.0	22.19	1.539	0.14	-0.05
120	0317.8	3384.0	20.24	1.252	0.17	-0.24
121	0320.0	3816.0	18.46	0.966	-0.04	0.11
122	0320.9	2942.0	19.36	1.111	0.21	0.16
123	0322.8	1758.0	20.21	1.247	0.18	0.10
124	0324.0	3400.0	17.02	0.688	-0.03	0.06
125	0325.2	3607.0	21.29	1.364	-0.20	0.26
126	0326.9	3137.0	20.65	1.303	0.10	-0.35
127	0327.7	2903.0	21.34	1.383	0.34	0.22
128	0328.0	1771.0	27.28	1.434	-0.16	-0.89
129	0328.5	1961.0	25.21	0.570	0.33	0.23
130	0330.6	1056.0	20.22	1.259	0.35	-0.33
131	0331.3	3922.0	21.04	1.336	-0.18	-0.33
132	0331.8	2824.0	21.15	1.369	0.18	-0.19
133	0334.6	3453.0	18.08	0.859	0.29	-0.37
134	0335.8	3789.0	21.31	1.366	0.23	0.12
135	0336.3	3874.0	18.25	0.863	-0.27	-0.21
136	0337.1	3010.0	17.26	0.733	-0.02	-0.08
137	0337.2	2446.0	20.98	1.339	-0.20	-0.35
138	0338.0	2701.0	19.53	1.149	0.04	-0.19
139	0339.2	3092.0	18.44	0.934	-0.12	-0.10
140	0340.0	3733.0	22.55	1.631	0.02	-0.10
141	0343.3	3634.0	22.30	1.557	0.00	0.05
142	0350.0	2030.0	18.60	0.964	0.04	0.11
143	0350.5	2584.0	18.91	1.143	0.47	-0.10
144	0350.6	1695.0	17.31	0.748	0.01	-0.15
145	0351.4	2306.0	17.54	0.764	-0.01	0.05
146	0352.0	1600.0	21.25	1.381	0.00	-0.33
147	0352.9	2208.0	26.87	1.235	-0.33	-1.01
148	0353.3	0945.8	22.61	1.661	0.46	0.20
149	0354.8	2731.0	21.48	1.406	0.18	0.05
150	0355.0	3155.0	15.54	0.636	-0.25	0.03
151	0355.2	2665.0	19.24	1.087	-0.17	-0.09
152	0357.3	1167.0	21.95	1.495	-0.25	0.24
153	0357.5	2964.0	27.49	1.161	0.16	0.93
154	0358.2	1539.0	19.56	1.152	-0.17	0.33
155	0361.7	3524.0	21.39	1.385	0.26	-0.17
156	0365.1	3005.0	21.64	1.439	-0.16	-0.18
157	0365.3	1021.0	17.74	0.806	-0.32	0.02
158	0365.3	2439.0	21.53	1.411	0.38	0.07
159	0365.6	2770.0	21.00	1.339	0.38	0.25
160	0365.7	3131.0	18.77	1.028	0.19	0.07
161	0365.9	1937.0	20.90	1.334	0.13	0.10
162	0366.8	1109.0	20.73	1.320	0.16	0.24
163	0367.0	1319.0	17.79	0.802	0.06	-0.13
164	0367.6	3542.0	26.56	1.081	1.12	0.36
165	0368.7	2231.0	21.53	1.403	0.30	0.05
166	0369.2	3611.0	20.24	1.248	-0.20	-0.31
167	0372.1	2830.0	20.52	1.285	-0.11	0.09
168	0372.4	3204.0	16.37	0.654	0.09	-0.12
169	0372.6	3773.0	22.65	1.683	-0.08	-0.12
170	0374.8	1785.0	17.64	0.771	0.16	-0.02
171	0377.4	2403.0	15.77	0.624	0.15	-0.06
172	0380.1	2182.0	20.22	1.240	-0.12	0.04
173	0380.5	3258.0	22.21	1.552	0.24	-0.14
174	0381.0	3448.0	20.87	1.326	-0.05	-0.01
175	0382.9	1063.0	20.45	1.287	0.13	0.06
176	0384.1	3297.0	18.88	1.021	-0.11	-0.21
177	0384.2	1216.0	23.87	2.372	-0.08	0.37
178	0384.6	2624.0	20.71	1.297	0.35	-0.09
179	0385.3	3611.0	24.94	0.503	-0.08	-0.01
180	0385.7	2269.0	20.36	1.274	0.29	-0.31
181	0386.6	1946.0	20.40	1.253	0.21	-0.19
182	0386.7	2696.0	26.68	1.002	0.51	-0.92
183	0387.5	1517.0	19.96	1.214	-0.43	0.06
184	0388.6	2887.0	19.22	1.097	0.42	-0.07
185	0390.4	3394.0	19.46	1.132	0.19	-0.26
186	0391.7	3230.0	24.23	0.353	0.19	-0.05
187	0392.0	3042.0	21.59	1.392	0.02	0.11
188	0395.0	2873.0	20.90	1.334	0.00	-0.23
189	0395.1	2578.0	17.78	0.812	-0.08	-0.19
190	0395.1	3562.0	18.67	0.969	-0.11	0.46
191	0395.5	2327.0	21.19	1.345	0.15	-0.08
192	0397.9	3314.0	26.54	1.109	0.09	0.31
193	0398.4	1468.0	14.07	0.799	0.11	-0.76
194	0398.6	1214.0	19.62	1.160	0.43	-0.16
195	0399.6	3155.0	21.00	1.316	0.35	0.13
196	0401.6	2302.0	17.28	0.733	0.27	0.18
197	0403.8	1552.0	26.40	0.856	0.37	0.11
198	0405.0	1933.0	20.83	1.318	0.02	0.23
199	0406.1	3401.0	17.47	0.757	-0.10	-0.29
200	0407.1	2600.0	21.77	1.393	-0.12	0.30
201	0407.9	3329.0	27.01	1.252	0.53	0.47
202	0411.1	3908.0	21.42	1.380	-0.12	-0.48
203	0412.3	1435.0	21.43	1.432	-0.32	0.16
204	0412.5	0992.5	17.67	0.800	0.17	0.51
205	0413.1	3157.0	22.02	1.497	-0.11	-0.03
206	0414.9	3082.0	21.62	1.406	0.10	0.12
207	0415.2	3795.0	19.63	1.155	-0.20	0.12
208	0415.5	2131.0	20.67	1.380	0.32	-0.02
209	0417.0	2669.0	20.87	1.321	0.02	-0.07
210	0417.7	2471.0	18.85	0.992	0.26	0.14
211	0419.8	3554.0	22.99	1.826	0.14	0.25
212	0420.0	3917.0	19.30	1.090	0.04	-0.01
213	0420.4	2840.0	26.15	0.913	-0.32	-0.30
214	0420.5	1746.0	19.12	1.057	0.09	0.00
215	0422.5	1277.0	20.96	1.332	0.52	-0.04
216	0423.1	1443.0	23.44	1.927	-0.26	0.00
217	0424.3	3975.0	21.02	1.333	-0.28	-0.13
218	0427.0	1202.0	20.10	1.230	-0.01	0.18
219	0427.9	3411.0	26.30	0.903	0.41	-0.06
220	0429.3	1085.0	18.18	0.872	-0.28	-0.04
221	0431.6	2359.0	26.68	1.199	-0.61	-0.10
222	0431.9	1972.0	26.48	0.996	0.65	0.58
223	0431.9	2145.0	14.37	0.245	0.25	-0.02
224	0432.4	3452.0	20.97	1.333	0.04	-0.06
225	0433.4	3490.0	21.80	1.456	-0.36	0.10
226	0433.7	1729.0	20.98	1.336	0.27	-0.18
227	0434.4	1757.0	24.21	0.271	0.17	-0.01
228	0435.6	3302.0	17.76	0.801	0.14	0.42
229	0437.7	2324.0	20.12	1.229	0.19	-0.34
230	0437.8	1563.0	21.08	1.346	0.18	0.08
231	0438.5	3393.0	20.70	1.307	0.44	-0.04
232	0439.9	3930.0	18.33	0.889	0.05	-0.14
233	0440.0	2236.0	21.41	1.381	-0.06	-0.27
234	0441.1	3407.0	20.39	1.276	-0.12	0.00
235	0441.9	2126.0	20.29	1.291	0.10	0.22
236	0443.0	1768.0	19.78	1.176	-0.02	0.14
237	0443.3	2030.0	21.46	1.420	0.04	0.18
238	0443.6	3319.0	22.81	1.707	-0.11	-0.06
239	0444.8	2896.0	26.39	0.952	0.21	-0.13
240	0444.8	3667.0	23.15	1.849	0.07	-0.15
241	0447.2	1511.0	20.88	1.336	-0.23	0.09
242	0448.1	1045.0	20.16	1.247	-0.10	0.05
243	0450.3	3703.0	22.07	1.478	0.22	0.06
244	0450.5	1062.0	17.65	0.786	0.52	0.03
245	0450.9	2466.0	19.75	1.172	0.05	0.21
246	0451.9	3277.0	25.42	0.656	0.17	-0.08
247	0451.9	3496.0	20.74	1.303	0.05	0.28
248	0452.8	1326.0	17.62	0.776	0.20	0.04
249	0453.8	1571.0	17.73	0.796	0.06	-0.19
250	0454.7	3542.0	22.39	1.578	0.30	-0.15
251	0455.5	1022.0	22.40	1.594	0.47	-0.18
252	0455.7	3028.0	26.39	0.970	0.18	-0.68
253	0456.3	3440.0	23.00	1.789	-0.13	0.22
254	0458.4	3181.0	21.56	1.416	0.35	0.11
255	0458.5	1735.0	21.08	1.347	0.17	-0.25
256	0458.6	2922.0	26.67	1.133	0.10	-0.34
257	0461.8	2808.0	17.57	0.762	0.18	-0.16
258	0463.1	3091.0	27.48	0.935	0.13	-0.33
259	0464.4	3356.0	20.44	1.276	0.15	0.25
260	0466.2	2280.0	21.70	1.422	-0.05	0.15
261	0466.8	1854.0	20.13	1.236	0.15	-0.32
262	0467.3	1813.0	19.91	1.201	0.11	0.02
263	0470.5	2234.0	19.64	1.148	0.24	-0.07
264	0470.6	3310.0	26.17	1.024	-0.05	0.58
265	0470.7	1698.0	18.02	0.843	0.32	0.10
266	0472.2	2005.0	22.02	1.502	-0.05	0.04
267	0474.1	2561.0	18.58	0.948	0.03	0.29
268	0476.0	2640.0	26.54	1.049	0.49	-0.23
269	0477.8	3922.0	19.85	1.192	0.18	-0.34
270	0481.5	3428.0	19.78	1.187	0.11	0.11
271	0481.6	1288.0	25.65	3.504	0.13	0.25
272	0481.6	1956.0	18.18	0.862	0.10	0.09
273	0482.3	2879.0	27.00	0.728	-1.02	0.08
274	0483.3	2224.0	25.75	0.757	-0.09	0.23
275	0483.3	3328.0	19.83	1.195	0.27	0.25
276	0485.0	3551.0	16.84	0.670	-0.18	0.16
277	0486.7	2480.0	20.38	1.264	0.33	0.06
278	0490.2	2811.0	17.51	0.758	-0.03	0.01
279	0490.8	3512.0	19.88	1.200	0.19	-0.18
280	0491.8	3091.0	22.10	1.525	0.19	0.26
281	0491.9	2977.0	18.46	0.945	0.07	0.04
282	0493.4	2098.0	18.18	0.083	0.22	-0.28
283	0494.4	3421.0	26.28	0.928	-0.23	-0.05
284	0496.0	2377.0	20.35	1.260	0.01	-0.02
285	0500.1	3762.0	20.40	1.281	-0.14	-0.04
286	0500.4	1094.0	24.03	2.437	-0.41	0.00
287	0502.1	1617.0	15.69	0.616	0.00	-0.32
288	0502.7	3200.0	21.32	1.392	0.25	-0.04
289	0505.6	3721.0	17.64	0.772	0.12	0.12
290	0508.5	2659.0	18.78	0.968	0.49	0.12
291	0508.8	2618.0	20.73	1.302	0.17	-0.25
292	0509.7	2716.0	19.44	1.121	0.07	-0.31
293	0509.9	3256.0	16.67	0.678	0.09	0.22
294	0511.0	2764.0	16.72	0.669	0.04	-0.36
295	0511.8	1856.0	20.19	1.231	0.20	-0.20
296	0512.6	2490.0	23.69	2.211	0.33	-0.35
297	0512.6	3353.0	21.54	1.411	-0.08	-0.02
298	0514.1	2974.0	17.57	0.775	-0.11	-0.26
299	0514.2	3579.0	26.00	0.883	0.40	0.06
300	0517.4	1872.0	22.46	1.603	-0.01	0.14
301	0518.9	3276.0	18.48	0.921	0.10	0.00
302	0519.3	2693.0	19.73	1.175	0.16	-0.33
303	0520.8	3122.0	18.73	0.965	0.22	-0.06
304	0521.7	1698.0	18.60	0.962	0.31	0.09
305	0522.0	3076.0	18.88	1.010	-0.05	-0.20
306	0523.3	1647.0	15.96	0.639	0.30	-0.05
307	0523.5	2957.0	23.65	2.193	0.22	-0.13
308	0523.5	3448.0	17.86	0.816	0.40	-0.34
309	0524.0	2609.0	19.21	1.077	0.05	-0.22
310	0525.0	3945.0	21.67	1.429	0.02	-0.19
311	0525.5	3883.0	20.53	1.279	-0.09	-0.01
312	0528.8	4000.0	18.30	0.870	-0.26	-0.40
313	0529.3	1657.0	18.10	0.856	-0.31	0.14
314	0530.1	3589.0	20.17	1.242	-0.04	0.32
315	0530.5	3164.0	16.97	0.699	-0.17	-0.10
316	0531.6	2007.0	22.51	1.629	0.35	0.14
317	0532.7	3216.0	26.80	1.343	-0.20	-0.17
318	0533.9	2238.0	17.76	0.792	0.08	-0.17
319	0534.2	3487.0	21.70	1.437	-0.13	0.10
320	0534.4	1039.0	20.97	1.327	-0.44	-0.15
321	0534.6	3789.0	16.70	0.676	-0.03	-0.14
322	0535.0	3474.0	18.19	0.881	-0.03	-0.04
323	0535.6	2766.0	17.45	0.753	0.22	-0.14
324	0536.2	2786.0	22.34	1.553	-0.02	-0.27
325	0536.9	1607.0	22.91	1.739	0.08	0.03
326	0537.7	2390.0	26.51	1.025	-1.06	-0.19
327	0538.1	3622.0	21.42	1.396	-0.09	0.39
328	0538.3	3178.0	19.26	1.098	-0.11	-0.25
329	0547.2	2293.0	20.44	1.335	0.21	0.08
330	0548.5	2698.0	25.69	0.602	0.37	0.29
331	0549.0	3381.0	21.11	1.362	0.01	-0.09
332	0550.2	2667.0	20.43	1.270	-0.24	-0.14
333	0552.1	3040.0	12.72	0.833	0.07	-0.24
334	0554.3	2459.0	15.61	0.605	-0.12	-0.37
335	0555.7	3613.0	19.98	1.214	-0.27	0.32
336	0560.3	2423.0	20.42	1.272	0.07	0.16
337	0560.4	3993.0	20.64	1.297	-0.37	-0.20
338	0561.5	2354.0	20.39	1.256	0.19	0.10
339	0561.6	2170.0	17.66	0.776	0.18	-0.14
340	0561.9	3467.0	23.82	2.235	0.00	-0.12
341	0562.5	2294.0	17.72	0.791	0.35	0.14
342	0563.7	2023.0	19.89	1.194	0.29	0.03
343	0564.1	1528.0	20.61	1.291	-0.14	0.12
344	0564.5	1115.0	19.70	1.164	-0.18	0.29
345	0566.5	3607.0	22.35	1.571	-0.20	0.47
346	0567.2	1062.0	15.64	0.621	0.04	-0.35
347	0570.0	1687.0	23.25	1.879	-0.06	0.21
348	0571.0	3414.0	26.11	0.905	-0.17	0.56
349	0572.0	1888.0	23.91	2.299	0.12	0.18
350	0572.1	3825.0	19.31	1.110	-0.11	-0.21
351	0573.6	3221.0	22.75	1.703	0.34	0.04
352	0573.7	2473.0	16.54	0.661	0.11	-0.32
353	0578.7	2968.0	16.32	0.640	0.11	-0.16
354	0579.3	3573.0	21.48	1.394	-0.22	-0.12
355	0581.4	2343.0	22.08	1.491	0.02	-0.12
356	0583.3	1345.0	17.02	0.702	-0.22	-0.40
357	0583.6	2254.0	21.52	1.400	0.10	0.21
358	0583.7	2633.0	16.92	0.685	0.03	-0.51
359	0586.2	3178.0	23.58	2.089	0.23	-0.02
360	0586.8	3234.0	21.89	1.464	0.11	-0.04
361	0587.0	1283.0	18.63	0.949	-0.01	-0.32
362	0587.1	1793.0	25.58	3.496	0.11	0.45
363	0588.8	2523.0	19.39	1.105	0.18	0.05
364	0588.8	3357.0	21.07	1.352	0.07	0.05
365	0591.1	4013.0	17.78	0.802	-0.15	-0.08
366	0591.8	2104.0	20.48	1.276	0.21	-0.20
367	0592.3	1701.0	18.42	0.899	-0.27	-0.13
368	0592.9	2386.0	21.47	1.396	0.07	-0.11
369	0593.3	1185.0	22.09	1.505	-0.31	-0.01
370	0594.0	1985.0	20.43	1.263	-0.05	0.18
371	0594.2	1628.0	21.75	1.442	-0.25	0.22
372	0597.0	2950.0	17.55	0.769	0.01	-0.06
373	0599.1	1952.0	21.75	1.438	-0.06	0.10
374	0600.2	1769.0	18.50	0.943	0.02	-0.37
375	0602.0	3703.0	26.30	1.000	-0.20	-0.01
376	0602.5	2519.0	20.50	1.275	-0.46	0.05
377	0606.3	3610.0	22.98	1.792	0.23	-0.15
378	0606.4	4005.0	17.25	0.725	-0.44	-0.24
379	0607.6	1928.0	21.07	1.336	0.31	0.02
380	0607.9	2605.0	18.72	0.985	0.12	-0.11
381	0608.5	3886.0	17.45	0.747	-0.25	-0.08
382	0609.2	2948.0	20.91	1.316	0.26	-0.46
383	0610.5	2210.0	20.29	1.245	-0.16	-0.18
384	0610.5	2821.0	18.71	0.978	0.38	-0.13
385	0611.4	3504.0	23.28	1.923	-0.21	0.03
386	0614.1	3275.0	17.37	0.742	0.03	-0.34
387	0618.9	2153.0	21.79	1.441	0.14	-0.14
388	0619.5	3643.0	18.77	0.998	-0.50	-0.11
389	0620.1	2855.0	17.66	0.789	-0.08	-0.09
390	0620.4	2618.0	21.98	1.485	0.22	0.26
391	0620.5	1607.0	26.49	1.073	-0.04	-0.03
392	0621.3	2736.0	22.41	1.609	0.00	-0.10
393	0622.8	3916.0	19.40	1.122	0.24	0.04
394	0624.2	1106.0	14.04	0.794	0.42	-0.55
395	0625.5	3906.0	21.52	1.408	-0.19	-0.42
396	0626.8	3359.0	29.16	0.866	0.28	-0.27
397	0627.1	3625.0	15.05	0.683	-0.45	0.74
398	0627.2	2565.0	22.14	1.517	0.25	0.35
399	0627.4	1326.0	21.73	1.444	-0.37	0.02
400	0629.4	2884.0	21.51	1.364	0.31	-0.41
401	0630.9	2361.0	20.28	1.253	0.13	0.14
402	0631.0	2615.0	20.18	1.236	0.04	0.18
403	0631.1	2994.0	17.98	0.817	0.03	0.10
404	0633.5	3432.0	23.51	2.089	0.42	-0.14
405	0634.3	2572.0	19.79	1.181	0.02	0.00
406	0635.7	1857.0	18.00	0.837	0.25	-0.05
407	0640.0	3845.0	21.39	1.398	-0.04	-0.22
408	0641.0	1885.0	20.77	1.300	-0.02	-0.05
409	0641.5	2741.0	21.28	1.364	0.23	-0.21
410	0642.6	1195.0	19.34	1.110	0.37	0.25
411	0643.1	3453.0	27.52	1.061	-0.01	1.17
412	0643.8	2999.0	20.00	1.215	0.20	-0.02
413	0645.8	1576.0	18.55	0.947	0.07	-0.03
414	0647.1	3289.0	20.14	1.230	-0.09	-0.10
415	0648.8	2178.0	22.72	1.673	0.22	0.03
416	0649.3	3793.0	20.49	1.285	-0.26	-0.24
417	0651.3	2240.0	21.15	1.343	0.01	0.22
418	0651.9	3806.0	20.31	1.258	0.13	-0.50
419	0652.1	2994.0	21.61	1.427	-0.02	-0.17
420	0655.3	3436.0	23.00	1.905	-0.15	-0.01
421	0656.6	3632.0	17.01	0.700	0.01	-0.29
422	0657.9	3862.0	26.59	1.264	-0.06	-0.57
423	0658.7	3842.0	19.20	1.079	0.19	0.01
424	0660.7	1451.0	16.99	0.693	0.34	0.00
425	0661.8	3097.0	22.24	1.522	0.18	0.09
426	0662.0	3355.0	18.93	1.028	-0.05	0.19
427	0665.3	2503.0	21.28	1.361	0.32	-0.03
428	0666.0	2633.0	17.46	0.744	-0.04	-0.03
429	0666.2	3440.0	24.89	0.823	-0.07	0.03
430	0667.1	2517.0	21.88	1.480	-0.12	-0.25
431	0667.9	3409.0	22.80	1.721	0.06	-0.31
432	0669.3	3195.0	23.48	2.039	-0.02	0.10
433	0669.4	3586.0	28.51	4.880	0.56	-0.37
434	0670.8	3071.0	22.89	1.733	0.17	0.04
435	0671.7	2733.0	17.43	0.742	0.13	-0.07
436	0673.4	2466.0	25.23	3.681	-0.36	-0.02
437	0673.4	3302.0	21.30	1.378	-0.12	0.13
438	0673.6	1962.0	19.81	1.173	0.35	-0.12
439	0675.8	3824.0	20.61	1.297	0.16	-0.04
440	0676.4	3246.0	19.04	1.042	-0.29	-0.21
441	0677.4	2951.0	17.70	0.789	-0.06	0.11
442	0678.7	3439.0	26.36	1.037	0.45	0.14
443	0681.3	1637.0	21.19	1.366	-0.31	0.02
444	0681.7	3006.0	27.53	1.212	-0.54	-0.71
445	0685.1	2651.0	20.94	1.323	-0.08	0.19
446	0685.8	3597.0	21.17	1.366	0.16	0.23
447	0687.6	2637.0	17.03	0.700	-0.05	-0.24
448	0689.3	3395.0	17.17	0.720	-0.04	-0.12
449	0689.7	3922.0	17.09	0.720	0.15	-0.08
450	0690.3	1799.0	20.75	1.310	0.08	0.22
451	0690.9	2710.0	22.03	1.484	0.14	-0.42
452	0693.2	3132.0	14.92	0.711	-0.02	-0.08
453	0693.2	3280.0	26.60	0.857	0.70	-0.29
454	0697.8	1715.0	18.59	0.942	0.22	0.01
455	0699.5	2519.0	19.70	1.167	0.25	-0.15
456	0699.5	3680.0	23.62	2.124	0.31	0.18
457	0700.1	2734.0	20.77	1.308	-0.09	-0.02
458	0700.6	2927.0	19.97	1.208	0.23	-0.21
459	0701.6	1255.0	18.12	0.861	-0.19	0.30
460	0702.5	2822.0	20.65	1.276	-0.06	0.19
461	0704.3	3627.0	20.20	1.333	-0.09	0.01
462	0705.4	2639.0	20.65	1.291	-0.30	0.05
463	0705.8	1614.0	19.68	1.160	0.16	-0.21
464	0708.0	1820.0	19.27	1.085	0.01	-0.14
465	0708.6	2153.0	20.82	1.298	0.39	0.01
466	0710.4	2476.0	27.14	1.406	-0.57	-0.38
467	0712.6	2117.0	21.76	1.431	0.11	0.10
468	0713.5	2222.0	20.95	1.327	0.36	-0.26
469	0715.6	3293.0	19.82	1.194	0.33	-0.19
470	0715.8	1631.0	25.60	0.153	0.21	-0.33
471	0715.8	1878.0	21.36	1.380	0.15	0.40
472	0717.2	1734.0	20.68	1.290	-0.22	-0.04
473	0717.8	3109.0	19.58	1.146	0.19	-0.18
474	0723.2	3725.0	17.37	0.759	0.04	0.20
475	0724.0	1448.0	19.82	1.186	-0.03	0.45
476	0729.0	1778.0	18.74	0.980	0.03	-0.28
477	0729.1	2830.0	15.61	0.624	-0.08	-0.39
478	0730.5	3273.0	17.98	0.832	-0.02	0.22
479	0734.6	3196.0	21.14	1.352	0.24	0.19
480	0735.4	1655.0	20.41	1.259	-0.35	0.31
481	0735.8	1294.0	15.69	0.623	0.22	-0.71
482	0737.6	2993.0	21.67	1.425	0.38	-0.22
483	0739.1	2262.0	17.38	0.730	-0.06	-0.14
484	0740.7	2143.0	16.47	0.642	0.33	-0.05
485	0740.9	1924.0	27.01	1.336	0.06	0.56
486	0743.5	2771.0	20.45	1.279	0.38	-0.33
487	0744.6	3180.0	23.15	1.846	0.00	0.07
488	0747.6	3988.0	17.70	0.796	0.28	-0.24
489	0749.4	2244.0	19.16	1.061	-0.03	-0.11
490	0750.2	3641.0	17.85	0.837	0.02	0.05
491	0750.4	3188.0	26.88	1.233	0.51	0.33
492	0751.3	1692.0	20.60	1.281	-0.27	0.08
493	0753.1	1979.0	20.48	1.271	-0.12	-0.11
494	0754.3	2174.0	21.20	1.346	-0.22	0.26
495	0756.0	2260.0	20.06	1.217	0.01	0.10
496	0762.9	2836.0	21.31	1.382	0.03	-0.11
497	0764.0	1521.0	22.25	1.543	0.08	0.42
498	0766.3	2827.0	21.01	1.340	-0.29	-0.38
499	0766.6	3464.0	16.93	0.689	0.00	-0.18
500	0767.7	2241.0	26.88	1.156	-0.54	0.04
501	0768.2	2935.0	16.70	0.666	0.11	0.16
502	0772.6	2335.0	22.96	1.777	0.27	0.30
503	0777.8	3858.0	23.26	1.932	0.10	0.33
504	0778.4	3796.0	21.58	1.398	-0.18	0.02
505	0779.4	2952.0	19.56	1.145	-0.15	0.21
506	0782.6	1191.0	16.65	0.674	0.39	0.36
507	0787.6	2575.0	17.10	0.711	0.11	-0.23
508	0788.7	2383.0	19.62	1.154	0.28	0.06
509	0789.4	2276.0	18.96	1.013	0.00	0.30
510	0791.4	2836.0	22.81	1.718	-0.04	-0.15
511	0791.9	3231.0	27.40	0.943	0.44	0.33
512	0792.0	1933.0	21.02	1.334	0.03	-0.17
513	0792.5	1683.0	22.63	1.641	0.48	0.18
514	0793.0	3526.0	21.34	1.372	-0.05	0.08
515	0794.0	3914.0	17.72	0.804	0.02	-0.30
516	0795.4	1967.0	19.88	1.193	-0.39	-0.21
517	0795.7	1396.0	19.00	1.033	0.31	0.19
518	0796.3	3043.0	23.00	1.789	0.08	-0.26
519	0798.9	1309.0	16.39	0.656	0.06	-0.33
520	0802.6	3800.0	18.86	1.019	0.14	-0.36
521	0803.2	2657.0	17.59	0.774	-0.14	0.05
522	0803.3	3410.0	20.07	1.225	0.12	-0.14
523	0804.7	3827.0	17.74	0.797	0.34	0.14
524	0806.0	3704.0	23.60	2.132	0.11	0.14
525	0807.3	3566.0	18.99	1.040	0.36	-0.07
526	0807.9	1813.0	20.42	1.264	0.08	-0.22
527	0808.0	2006.0	22.41	1.571	-0.01	0.14
528	0808.2	2152.0	17.82	0.810	-0.12	0.15
529	0808.8	2565.0	21.07	1.337	0.17	-0.01
530	0809.3	3726.0	18.58	0.967	-0.21	0.00
531	0809.5	2585.0	23.79	0.148	0.20	0.13
532	0811.0	3990.0	17.75	0.801	0.05	0.11
533	0813.9	2633.0	19.87	1.191	0.13	-0.32
534	0815.2	3083.0	17.11	0.699	-0.12	-0.07
535	0816.1	2952.0	18.87	1.002	-0.14	-0.03
536	0816.8	3817.0	19.92	1.205	0.20	-0.07
537	0821.4	3750.0	26.63	1.194	0.18	-0.31
538	0821.7	1454.0	21.25	1.376	0.30	0.05
539	0831.9	2420.0	21.41	1.381	0.02	-0.04
540	0834.3	3738.0	26.07	0.888	-0.06	-0.10
541	0836.3	2248.0	25.89	0.895	-0.03	0.44
542	0837.5	3399.0	23.15	1.924	-0.03	-0.08
543	0838.3	3881.0	19.63	1.158	0.09	0.23
544	0839.7	1196.0	19.89	1.201	-0.36	-0.07
545	0842.1	3915.0	20.86	1.322	0.12	0.14
546	0842.7	3849.0	18.54	0.938	0.29	0.21
547	0846.4	1994.0	17.33	0.731	0.32	-0.21
548	0847.1	3344.0	20.47	1.267	-0.11	0.03
549	0848.5	3825.0	15.52	0.617	0.21	0.41
550	0850.3	1901.0	24.36	2.718	-0.29	-0.04
551	0850.7	3141.0	17.84	0.801	0.32	-0.39
552	0851.7	2557.0	23.75	2.215	0.13	0.26
553	0853.8	1878.0	26.67	1.209	0.59	0.73
554	0853.9	3692.0	20.44	1.293	0.09	-0.11
555	0853.9	3846.0	19.10	1.059	0.14	0.14
556	0855.5	2987.0	18.89	1.042	0.24	0.22
557	0855.8	2048.0	19.45	1.121	0.18	-0.09
558	0858.0	1256.0	21.34	1.384	-0.08	0.02
559	0859.9	2397.0	20.53	1.276	0.11	-0.13
560	0860.0	3469.0	24.76	0.469	-0.12	0.14
561	0861.0	3552.0	20.19	1.254	-0.02	0.24
562	0863.2	1334.0	17.97	0.832	-0.18	0.11
563	0863.2	2688.0	17.96	0.834	-0.12	0.16
564	0864.8	3694.0	16.69	0.669	0.26	-0.18
565	0867.1	2834.0	26.54	1.164	0.80	-0.25
566	0867.7	3647.0	20.31	1.256	0.36	0.27
567	0869.6	2358.0	21.29	1.356	0.31	-0.01
568	0869.8	2701.0	20.37	1.258	0.23	-0.04
569	0870.4	3484.0	21.54	1.403	-0.21	0.26
570	0871.3	1416.0	21.20	1.372	-0.27	0.04
571	0871.3	2021.0	19.75	1.173	-0.27	-0.15
572	0872.0	3334.0	19.50	1.130	0.01	-0.15
573	0872.4	2249.0	19.60	1.147	-0.38	-0.17
574	0872.7	2612.0	21.31	1.353	0.31	0.10
575	0873.2	3627.0	20.40	1.271	-0.19	-0.10
576	0875.2	3276.0	26.79	1.169	-0.16	-0.13
577	0877.8	3376.0	16.78	0.660	-0.19	-0.19
578	0880.6	2607.0	19.93	1.194	0.40	0.03
579	0883.3	2836.0	20.48	1.280	-0.24	-0.11
580	0883.7	2927.0	20.34	1.269	0.30	0.07
581	0883.8	3809.0	20.99	1.340	0.03	-0.16
582	0886.9	3609.0	18.90	1.025	0.10	-0.07
583	0888.5	2633.0	19.31	1.086	0.43	0.28
584	0888.8	1256.0	18.15	0.884	0.20	0.40
585	0889.5	3328.0	18.84	1.002	0.43	0.14
586	0891.6	3400.0	17.71	0.786	0.19	-0.31
587	0892.0	1232.0	16.48	0.666	0.00	0.21
588	0892.8	3702.0	18.03	0.859	0.21	-0.10
589	0895.4	1353.0	19.54	1.144	-0.39	-0.01
590	0895.4	2168.0	19.20	1.070	-0.27	-0.26
591	0896.4	3164.0	18.00	0.840	-0.14	0.17
592	0897.8	2606.0	16.02	0.621	0.06	-0.12
593	0900.2	3498.0	16.14	0.630	0.11	-0.31
594	0902.2	3714.0	18.81	1.007	-0.21	0.02
595	0902.4	2714.0	19.04	1.039	-0.14	-0.22
596	0903.7	3454.0	20.66	1.287	0.13	0.17
597	0909.7	3113.0	21.65	1.412	0.27	0.22
598	0910.9	1383.0	19.60	1.158	0.07	-0.03
599	0911.3	2787.0	20.37	1.266	-0.19	0.34
600	0911.9	2892.0	20.66	1.293	0.08	-0.23
601	0914.0	1441.0	18.72	0.969	-0.02	0.33
602	0914.4	3096.0	15.94	0.622	0.17	-0.09
603	0915.4	3433.0	19.89	1.196	-0.28	-0.20
604	0919.0	2330.0	18.00	0.830	0.03	-0.04
605	0920.0	2802.0	19.37	1.119	0.04	0.10
606	0921.9	2353.0	18.89	1.002	0.10	-0.29
607	0923.2	2985.0	13.01	0.821	0.00	-0.35
608	0923.2	3798.0	16.41	0.650	0.23	-0.30
609	0923.6	3811.0	19.92	1.212	0.40	-0.11
610	0926.1	3227.0	21.93	1.483	-0.12	-0.23
611	0926.7	3271.0	26.78	1.321	-0.80	-0.32
612	0929.2	3567.0	26.40	1.040	-0.22	0.13
613	0930.8	3236.0	23.42	2.007	0.27	-0.41
614	0931.5	1747.0	27.65	0.395	-0.72	-0.43
615	0932.4	3777.0	16.79	0.678	0.22	-0.13
616	0935.9	3133.0	17.99	0.830	0.03	0.40
617	0938.6	3675.0	17.98	0.834	0.38	-0.28
618	0941.2	1696.0	20.56	1.286	-0.21	-0.08
619	0944.2	2833.0	20.22	1.225	-0.18	0.16
620	0945.1	2597.0	25.66	0.702	0.00	-0.11
621	0945.8	2326.0	21.23	1.337	0.24	0.17
622	0945.8	3357.0	20.18	1.241	0.15	-0.26
623	0950.7	3213.0	21.35	1.372	0.19	0.18
624	0951.3	2487.0	21.57	1.404	-0.13	0.21
625	0955.1	1893.0	19.54	1.143	-0.10	-0.19
626	0955.5	2819.0	18.36	0.885	-0.01	0.27
627	0957.0	3516.0	15.84	0.615	0.15	-0.19
628	0959.5	2623.0	27.41	1.076	0.73	0.16
629	0961.8	3703.0	20.01	1.218	0.24	-0.07
630	0962.8	2836.0	19.43	1.121	0.16	0.02
631	0964.5	3264.0	21.46	1.391	0.23	0.17
632	0965.3	2664.0	21.58	1.420	-0.13	-0.05
633	0966.0	3017.0	21.21	1.325	0.04	-0.33
634	0966.3	1280.0	19.44	1.131	-0.31	0.10
635	0966.8	3313.0	23.23	1.914	0.20	0.47
636	0967.9	2503.0	22.36	1.566	0.01	-0.16
637	0968.4	2018.0	20.40	1.282	-0.16	-0.22
638	0968.7	3113.0	25.55	0.693	-0.23	0.34
639	0970.1	3902.0	18.71	0.987	-0.11	-0.10
640	0971.1	1664.0	20.55	1.283	-0.12	-0.39
641	0971.4	4012.0	21.03	1.347	-0.09	-0.25
642	0971.7	3841.0	16.51	0.660	0.33	0.02
643	0973.1	1724.0	16.27	0.641	-0.32	-0.24
644	0976.5	2275.0	15.38	0.626	-0.41	-0.41
645	0976.7	2899.0	17.61	0.767	0.29	-0.07
646	0977.1	3080.0	26.50	1.103	-0.28	-0.26
647	0977.5	2350.0	19.16	1.063	0.08	0.19
648	0978.5	3038.0	28.58	4.107	0.50	-0.70
649	0979.7	4023.0	20.18	1.186	0.33	-0.22
650	0981.1	2317.0	24.29	2.889	-0.14	-0.07
651	0981.1	2806.0	18.05	0.857	-0.11	-0.35
652	0981.6	2709.0	21.65	1.418	0.28	-0.06
653	0983.3	2562.0	20.12	1.231	0.05	-0.19
654	0984.6	3579.0	18.05	0.858	0.29	-0.06
655	0984.7	2887.0	23.04	1.750	0.21	0.04
656	0987.0	3466.0	19.53	1.138	0.05	-0.37
657	0987.7	2727.0	20.41	1.270	0.31	0.03
658	0991.9	3802.0	16.05	0.625	0.49	-0.02
659	0995.3	3158.0	20.45	1.262	-0.05	0.00
660	0996.2	3307.0	16.50	0.652	-0.01	-0.13
661	0997.5	2457.0	20.20	1.238	-0.01	0.05
662	0998.7	1696.0	18.04	0.843	0.24	-0.20
663	0999.3	2135.0	19.89	1.193	-0.26	0.22
664	1002.0	2784.0	16.07	0.628	-0.07	-0.35
665	1004.0	3903.0	18.93	1.018	0.06	0.26
666	1005.0	3745.0	26.45	1.057	-0.23	0.38
667	1008.0	2769.0	17.53	0.757	0.24	-0.05
668	1009.0	3663.0	27.30	1.124	-1.03	-0.50
669	1012.0	1586.0	20.55	1.284	-0.10	0.08
670	1013.0	2279.0	24.24	3.193	0.11	0.04
671	1015.0	1490.0	19.78	1.192	-0.20	-0.20
672	1015.0	2944.0	19.83	1.199	0.45	-0.14
673	1016.0	3057.0	23.61	2.141	0.08	0.32
674	1018.0	2931.0	21.52	1.408	-0.13	-0.18
675	1020.0	2831.0	18.31	0.903	0.39	0.02
676	1021.0	3937.0	21.07	1.350	0.04	-0.34
677	1022.0	1661.0	21.55	1.416	-0.05	0.34
678	1028.0	2873.0	17.19	0.716	-0.02	0.07
679	1029.0	3214.0	16.38	0.638	0.22	0.08
680	1031.0	2512.0	18.34	0.884	-0.21	-0.10
681	1031.0	2977.0	26.22	0.957	-0.04	0.24
682	1031.0	4010.0	22.33	1.587	-0.32	-0.06
683	1032.0	1605.0	20.23	1.242	-0.50	-0.09
684	1036.0	2809.0	21.26	1.368	0.41	-0.23
685	1036.0	3689.0	18.47	0.912	0.05	0.13
686	1037.0	2363.0	18.49	0.910	-0.15	0.04
687	1041.0	1940.0	18.89	1.017	-0.18	0.11
688	1043.0	1533.0	20.25	1.249	-0.19	-0.03
689	1044.0	3431.0	22.69	1.663	-0.04	-0.17
690	1045.0	3945.0	18.77	0.980	0.23	-0.16
691	1047.0	2772.0	14.65	0.754	0.03	-0.17
692	1048.0	2575.0	21.49	1.396	0.30	0.25
693	1049.0	1936.0	22.42	1.631	-0.25	-0.14
694	1053.0	2036.0	18.52	0.937	0.05	0.11
695	1053.0	3161.0	18.93	1.019	-0.14	0.20
696	1053.0	3900.0	18.60	0.966	0.00	-0.17
697	1056.0	1832.0	22.04	1.499	0.17	-0.34
698	1056.0	1907.0	26.05	0.865	-0.06	-0.42
699	1057.0	3559.0	20.74	1.300	-0.19	-0.02
700	1059.0	3550.0	23.68	2.127	-0.05	0.16
701	1060.0	2162.0	19.92	1.202	0.12	0.27
702	1062.0	2822.0	20.32	1.260	0.28	-0.22
703	1062.0	3959.0	17.58	0.784	-0.19	-0.19
704	1065.0	2005.0	21.99	1.486	0.03	-0.20
705	1065.0	3193.0	19.94	1.211	-0.03	0.06
706	1069.0	2629.0	17.73	0.800	-0.06	-0.19
707	1070.0	3214.0	19.55	1.138	-0.36	-0.20
708	1072.0	3848.0	18.23	0.874	-0.21	-0.31
709	1073.0	2900.0	26.00	0.856	0.02	-0.37
710	1074.0	1910.0	21.46	1.406	0.08	-0.41
711	1076.0	3081.0	18.35	0.899	0.08	-0.34
712	1077.0	1493.0	20.11	1.233	-0.18	-0.01
713	1078.0	1514.0	18.67	0.965	0.09	0.33
714	1078.0	3800.0	19.33	1.037	0.39	-0.27
715	1081.0	2559.0	17.30	0.733	0.25	-0.40
716	1081.0	2888.0	22.27	1.559	-0.30	-0.21
717	1082.0	3406.0	27.40	1.045	0.19	0.40
718	1083.0	1423.0	15.61	0.625	-0.39	0.12
719	1086.0	2409.0	26.78	1.076	0.15	-0.14
720	1087.0	1530.0	21.08	1.348	0.24	-0.05
721	1088.0	3896.0	26.22	0.902	-0.25	0.05
722	1089.0	1336.0	13.89	0.802	0.21	0.15
723	1089.0	2031.0	21.39	1.385	-0.17	-0.42
724	1089.0	3541.0	25.22	0.543	0.12	0.03
725	1089.0	3564.0	20.52	1.282	-0.03	-0.22
726	1093.0	2605.0	27.77	1.081	0.48	0.03
727	1098.0	1711.0	15.62	0.607	-0.13	0.42
728	1098.0	3604.0	20.49	1.327	-0.07	-0.09
729	1099.0	2745.0	20.89	1.330	0.22	0.17
730	1100.0	2768.0	21.11	1.356	0.20	-0.24
731	1101.0	3701.0	26.54	1.117	0.10	0.29
732	1103.0	1740.0	21.24	1.353	-0.24	-0.33
733	1103.0	3467.0	26.71	1.126	0.05	0.30
734	1103.0	3550.0	18.14	0.853	0.01	-0.25
735	1104.0	3897.0	21.57	1.412	0.10	0.17
736	1105.0	2838.0	21.73	1.444	-0.02	-0.18
737	1105.0	3269.0	26.57	1.204	-0.34	0.38
738	1105.0	3747.0	20.17	1.242	-0.29	-0.14
739	1105.0	3873.0	19.47	1.139	0.45	-0.21
740	1105.0	3973.0	21.91	1.470	0.25	0.00
741	1109.0	3038.0	25.28	0.616	0.35	0.15
742	1110.0	2062.0	18.40	1.085	-0.03	-0.24
743	1114.0	3012.0	20.47	1.288	-0.38	0.03
744	1114.0	3613.0	20.20	1.241	0.22	0.15
745	1115.0	2295.0	20.73	1.307	0.26	-0.20
746	1115.0	2929.0	21.34	1.388	0.20	0.21
747	1116.0	2711.0	21.26	1.378	0.15	0.33
748	1119.0	1848.0	18.11	0.872	-0.40	0.21
749	1120.0	2171.0	18.49	1.005	-0.13	0.29
750	1121.0	3238.0	20.66	1.299	0.13	0.00
751	1122.0	2280.0	19.78	1.187	-0.14	-0.37
752	1126.0	3358.0	19.08	1.052	0.06	0.20
753	1127.0	2733.0	20.03	1.229	-0.07	0.07
754	1128.0	2436.0	22.61	1.639	0.40	0.13
755	1128.0	3712.0	21.06	1.341	-0.10	-0.19
756	1129.0	3222.0	20.16	1.246	0.07	-0.13
757	1131.0	2542.0	20.08	1.224	0.42	0.20
758	1132.0	1886.0	20.80	1.314	0.17	-0.28
759	1132.0	3202.0	20.69	1.302	0.35	0.22
760	1132.0	3558.0	18.70	0.968	0.04	0.24
761	1133.0	1586.0	20.14	1.241	0.25	0.25
762	1136.0	3450.0	20.01	1.220	0.09	0.08
763	1140.0	3475.0	20.74	1.308	0.05	-0.09
764	1140.0	3626.0	16.94	0.696	0.03	-0.16
765	1142.0	3842.0	18.97	1.033	0.27	-0.08
766	1145.0	3146.0	17.95	0.838	-0.02	-0.14
767	1145.0	3600.0	20.66	1.301	0.04	0.20
768	1145.0	3668.0	23.56	2.128	-0.01	0.08
769	1146.0	2651.0	17.92	0.819	-0.04	0.03
770	1146.0	3390.0	17.57	0.772	-0.07	0.08
771	1147.0	2167.0	16.75	0.677	-0.04	0.00
772	1147.0	3750.0	17.44	0.750	0.50	0.01
773	1150.0	3354.0	18.58	0.976	-0.11	0.01
774	1153.0	2388.0	21.05	1.346	0.15	-0.15
775	1153.0	3555.0	21.06	1.312	0.20	0.26
776	1155.0	1294.0	18.09	0.853	0.11	0.02
777	1155.0	3041.0	23.71	2.253	0.20	0.25
778	1157.0	3615.0	19.58	1.154	0.25	-0.32
779	1159.0	1922.0	16.94	0.708	-0.05	-0.37
780	1161.0	1372.0	19.44	1.132	-0.20	-0.13
781	1162.0	3846.0	21.27	1.409	0.02	-0.36
782	1163.0	2465.0	19.78	1.176	0.41	-0.25
783	1168.0	2968.0	20.75	1.332	-0.06	0.02
784	1169.0	1237.0	19.18	1.070	-0.04	0.11
785	1169.0	1644.0	18.64	0.967	-0.02	0.30
786	1170.0	1441.0	20.72	1.308	0.19	0.14
787	1173.0	1428.0	18.14	0.864	-0.19	0.07
788	1175.0	3847.0	16.77	0.671	0.50	0.01
789	1176.0	3284.0	21.65	1.428	0.14	0.12
790	1176.0	3338.0	27.10	1.343	1.25	0.48
791	1176.0	3672.0	17.87	0.820	-0.02	0.06
792	1178.0	2828.0	18.23	0.883	-0.14	0.06
793	1178.0	3003.0	20.85	1.320	-0.04	0.04
794	1179.0	2244.0	22.25	1.547	0.33	-0.11
795	1179.0	3878.0	22.55	1.621	0.22	0.23
796	1181.0	1581.0	15.12	0.678	-0.07	-0.32
797	1181.0	1825.0	18.27	0.895	-0.45	0.08
798	1181.0	2450.0	17.55	0.784	-0.14	0.27
799	1182.0	1495.0	21.62	1.444	0.10	0.19
800	1183.0	3378.0	26.16	0.957	0.32	-0.07
801	1184.0	2811.0	19.12	1.067	-0.09	-0.32
802	1187.0	3208.0	16.11	0.630	0.27	-0.10
803	1190.0	1423.0	20.93	1.338	-0.16	0.18
804	1190.0	1492.0	19.02	1.046	-0.23	-0.28
805	1191.0	2250.0	17.81	0.820	0.15	-0.28
806	1192.0	3697.0	17.96	0.832	0.08	-0.38
807	1192.0	3737.0	21.17	1.359	0.01	-0.24
808	1193.0	2402.0	22.41	1.598	-0.03	-0.04
809	1195.0	1526.0	27.56	1.131	-0.77	0.57
810	1196.0	1199.0	22.13	1.511	0.41	-0.34
811	1196.0	2982.0	21.05	1.349	-0.09	0.22
812	1196.0	3054.0	20.06	1.222	-0.04	0.12
813	1199.0	1418.0	20.81	1.318	0.20	0.27
814	1200.0	3204.0	19.62	1.153	-0.41	-0.07
815	1200.0	3735.0	21.43	1.385	0.16	-0.07
816	1201.0	3320.0	22.00	1.470	0.26	-0.02
817	1202.0	3581.0	16.83	0.672	0.06	-0.26
818	1203.0	3745.0	20.54	1.275	0.13	-0.10
819	1205.0	1617.0	22.93	1.781	0.22	-0.09
820	1205.0	1980.0	19.52	1.144	-0.30	0.02
821	1205.0	3153.0	17.48	0.751	0.03	0.19
822	1208.0	3304.0	17.29	0.728	0.25	-0.13
823	1209.0	1955.0	21.10	1.356	0.21	-0.19
824	1209.0	3127.0	20.06	1.228	0.03	-0.10
825	1209.0	3413.0	25.65	0.711	0.01	0.29
826	1212.0	1377.0	25.15	0.614	0.27	0.01
827	1212.0	3720.0	16.39	0.643	0.39	-0.33
828	1213.0	3853.0	21.11	1.362	0.49	0.13
829	1214.0	3994.0	18.20	0.886	-0.21	-0.11
830	1216.0	3540.0	19.74	1.186	0.43	-0.12
831	1217.0	1323.0	22.77	1.702	0.10	0.20
832	1217.0	3958.0	15.26	0.651	0.16	-0.74
833	1218.0	1191.0	20.29	1.264	0.02	-0.18
834	1218.0	2142.0	18.81	0.993	0.01	0.28
835	1220.0	2665.0	23.38	2.041	-0.29	0.04
836	1223.0	3060.0	20.37	1.264	-0.06	0.11
837	1224.0	1175.0	17.78	0.811	-0.31	0.35
838	1225.0	3179.0	22.67	1.661	-0.07	-0.22
839	1230.0	3213.0	25.18	5.211	0.12	-0.10
840	1231.0	1368.0	19.92	1.205	0.12	0.06
841	1232.0	3705.0	18.24	0.878	-0.14	-0.23
842	1233.0	2891.0	24.61	0.451	0.42	-0.13
843	1233.0	3420.0	21.24	1.366	0.25	-0.38
844	1235.0	2192.0	20.28	1.273	-0.22	0.17
845	1236.0	3643.0	18.76	0.986	0.00	-0.27
846	1240.0	3069.0	17.49	0.753	-0.02	-0.14
847	1241.0	3311.0	18.18	0.864	0.32	-0.19
848	1242.0	2414.0	22.18	1.533	0.06	0.19
849	1243.0	3473.0	22.81	1.699	0.11	-0.21
850	1244.0	3679.0	22.47	1.605	-0.32	0.22
851	1246.0	3594.0	20.35	1.265	0.02	0.14
852	1247.0	3437.0	19.66	1.171	0.03	-0.18
853	1248.0	1880.0	16.12	0.641	-0.28	-0.22
854	1249.0	1682.0	22.49	1.607	0.19	-0.16
855	1249.0	4039.0	20.04	1.229	0.41	-0.13
856	1250.0	2387.0	18.30	0.896	0.17	-0.01
857	1252.0	3532.0	21.30	1.362	0.16	-0.10
858	1254.0	1981.0	20.93	1.327	-0.08	-0.01
859	1254.0	3796.0	16.67	0.666	0.15	-0.18
860	1255.0	1697.0	23.29	1.946	-0.17	-0.33
861	1256.0	2964.0	20.59	1.296	0.22	-0.07
862	1259.0	3634.0	19.83	1.191	0.08	-0.27
863	1260.0	3079.0	20.63	1.298	-0.15	-0.28
864	1262.0	1913.0	21.26	1.370	-0.13	-0.25
865	1263.0	1413.0	17.32	0.740	-0.19	0.15
866	1263.0	1803.0	20.23	1.250	0.04	0.15
867	1263.0	1825.0	21.05	1.348	-0.10	0.32
868	1264.0	3047.0	19.27	1.103	0.09	0.21
869	1265.0	2857.0	20.95	1.339	-0.26	-0.26
870	1266.0	2216.0	22.85	1.754	-0.10	0.27
871	1267.0	3424.0	21.07	1.346	0.11	-0.15
872	1272.0	1380.0	21.63	1.443	-0.27	-0.06
873	1274.0	3682.0	26.49	1.101	-0.42	0.03
874	1275.0	2996.0	16.46	0.662	0.12	0.02
875	1275.0	3072.0	22.05	1.505	0.19	-0.13
876	1277.0	1102.0	20.69	1.309	0.42	0.32
877	1279.0	3522.0	20.45	1.229	0.16	-0.08
878	1281.0	3133.0	21.92	1.483	-0.01	-0.27
879	1281.0	3205.0	20.83	1.324	0.03	-0.22
880	1282.0	2043.0	19.46	1.139	-0.13	-0.31
881	1282.0	2644.0	24.32	2.893	0.07	-0.07
882	1282.0	3466.0	17.74	0.807	0.26	0.15
883	1283.0	2784.0	17.68	0.801	-0.06	-0.27
884	1284.0	3913.0	18.67	0.991	-0.31	-0.03
885	1285.0	2378.0	21.06	1.350	-0.16	-0.36
886	1286.0	2599.0	16.06	0.634	0.34	-0.31
887	1287.0	3442.0	16.69	0.676	0.38	-0.24
888	1291.0	2545.0	24.06	2.505	0.12	-0.15
889	1291.0	3338.0	26.58	1.164	0.12	-0.14
890	1293.0	2523.0	23.81	2.315	0.03	-0.03
891	1293.0	3017.0	20.04	1.233	0.01	-0.01
892	1298.0	2947.0	17.39	0.762	0.16	-0.18
893	1299.0	3658.0	21.28	1.367	0.44	0.06
894	1300.0	2397.0	20.97	1.337	0.38	0.13
895	1306.0	1363.0	18.82	0.994	-0.09	0.02
896	1308.0	1225.0	21.96	11.340	0.12	0.07
897	1308.0	1717.0	21.76	1.454	0.03	0.19
898	1309.0	1202.0	15.04	0.685	-0.70	0.01
899	1310.0	2388.0	22.00	1.500	0.46	0.06
900	1310.0	3554.0	13.16	0.198	-0.27	1.27
901	1311.0	3093.0	22.45	1.607	-0.14	0.03
902	1312.0	2008.0	18.21	0.889	-0.04	-0.41
903	1312.0	2869.0	22.71	1.689	-0.27	0.03
904	1313.0	3041.0	27.34	1.299	-0.77	-0.99
905	1315.0	1952.0	19.04	1.057	-0.19	-0.05
906	1321.0	3412.0	26.27	0.992	0.18	0.87
907	1322.0	3716.0	26.27	7.095	0.05	-0.43
908	1323.0	3032.0	22.24	1.526	-0.14	0.07
909	1323.0	3798.0	21.64	0.285	0.24	0.24
910	1325.0	2356.0	21.97	1.496	0.15	-0.15
911	1325.0	2545.0	21.32	1.387	0.29	0.15
912	1329.0	2554.0	18.64	0.974	-0.27	0.03
913	1330.0	3327.0	20.86	1.326	0.03	-0.03
914	1331.0	1953.0	15.84	0.628	-0.11	0.12
915	1332.0	2857.0	17.88	0.848	-0.06	0.08
916	1332.0	3805.0	19.35	1.114	-0.18	0.17
917	1333.0	3503.0	25.81	1.582	0.21	0.67
918	1335.0	1797.0	21.86	1.461	0.36	-0.07
919	1335.0	3678.0	19.99	1.216	0.14	0.00
920	1337.0	3078.0	26.83	1.259	0.12	0.89
921	1340.0	1144.0	20.33	1.269	0.10	0.01
922	1342.0	2258.0	22.86	1.759	-0.26	-0.05
923	1342.0	3528.0	21.13	1.349	0.28	-0.09
924	1343.0	3568.0	20.65	1.237	0.01	-0.08
925	1345.0	3414.0	19.09	1.057	-0.04	-0.33
926	1346.0	2506.0	19.80	1.190	-0.17	-0.44
927	1346.0	3887.0	26.44	1.000	0.21	0.54
928	1349.0	1303.0	16.27	0.637	-0.30	0.02
929	1349.0	3245.0	16.52	0.665	0.21	-0.11
930	1350.0	2870.0	25.27	0.667	-0.04	-0.18
931	1351.0	1667.0	17.09	0.724	0.04	-0.10
932	1354.0	2815.0	25.35	0.657	0.15	-0.19
933	1354.0	3707.0	20.04	1.222	0.23	-0.20
934	1357.0	1164.0	23.71	2.203	0.16	-0.03
935	1363.0	3805.0	21.50	1.403	0.33	-0.07
936	1364.0	1283.0	19.97	1.216	0.06	-0.07
937	1364.0	3902.0	18.56	0.953	-0.21	0.25
938	1365.0	1500.0	16.84	0.686	0.00	0.38
939	1366.0	2466.0	23.11	1.844	0.11	-0.39
940	1366.0	3606.0	19.95	1.210	0.42	0.05
941	1368.0	1809.0	21.92	1.492	-0.02	-0.27
942	1368.0	3530.0	22.22	1.539	-0.05	-0.16
943	1369.0	2286.0	27.00	1.322	-0.31	-0.58
944	1370.0	2868.0	20.37	1.281	-0.06	-0.10
945	1370.0	3402.0	18.02	0.851	0.03	0.20
946	1370.0	3764.0	23.25	1.975	0.16	-0.15
947	1372.0	2249.0	26.14	0.915	-0.42	0.30
948	1373.0	1445.0	17.20	0.730	-0.15	0.12
949	1373.0	3215.0	21.94	1.496	0.35	0.17
950	1374.0	3453.0	19.45	1.123	-0.02	-0.07
951	1375.0	2642.0	19.01	1.042	0.08	0.18
952	1376.0	2807.0	19.03	1.055	-0.06	0.12
953	1378.0	1259.0	22.89	1.754	-0.02	0.07
954	1379.0	2452.0	21.79	1.478	0.33	0.10
955	1380.0	2588.0	20.93	1.335	-0.03	-0.24
956	1382.0	3688.0	20.85	1.325	0.05	0.10
957	1382.0	3720.0	21.41	1.358	0.15	0.48
958	1383.0	1035.0	21.28	1.378	0.02	-0.24
959	1385.0	2716.0	21.72	1.450	0.19	0.16
960	1387.0	2958.0	22.11	1.529	-0.09	-0.22
961	1388.0	1943.0	12.18	0.853	-0.02	-0.03
962	1389.0	2828.0	20.71	1.315	0.09	0.08
963	1389.0	3199.0	20.52	1.292	-0.32	-0.01
964	1390.0	1096.0	21.31	1.377	-0.34	-0.14
965	1394.0	3155.0	26.79	1.106	-0.11	0.47
966	1394.0	3239.0	20.61	1.299	0.16	0.22
967	1395.0	2213.0	26.42	1.132	0.17	-0.71
968	1395.0	4055.0	18.40	0.910	-0.36	-0.24
969	1397.0	3923.0	22.40	1.594	-0.30	0.02
970	1398.0	2708.0	22.44	1.611	0.14	0.13
971	1398.0	2865.0	17.90	0.830	0.09	-0.37
972	1398.0	3592.0	18.08	0.859	0.01	-0.07
973	1400.0	2450.0	26.83	1.282	0.35	-0.85
974	1400.0	2801.0	23.71	2.239	0.03	0.05
975	1401.0	2469.0	19.62	1.155	-0.20	0.05
976	1401.0	2876.0	19.18	1.090	-0.04	-0.35
977	1402.0	2917.0	26.06	0.865	0.03	0.17
978	1403.0	2657.0	21.81	1.457	-0.03	-0.37
979	1413.0	2442.0	21.86	1.484	0.04	-0.16
980	1414.0	1524.0	22.05	1.512	-0.31	-0.11
981	1414.0	3038.0	20.29	1.272	0.19	-0.33
982	1415.0	1986.0	21.80	1.268	0.22	-0.24
983	1415.0	2548.0	18.29	0.921	0.00	-0.05
984	1416.0	2829.0	21.14	1.358	-0.11	0.21
985	1417.0	1005.0	20.96	1.339	-0.21	0.18
986	1417.0	1916.0	21.50	1.358	-0.03	-0.15
987	1417.0	2595.0	21.13	1.381	0.03	0.24
988	1418.0	3726.0	21.98	1.494	0.06	0.30
989	1419.0	1559.0	26.32	0.948	-0.44	0.59
990	1420.0	1841.0	21.35	1.388	-0.14	-0.01
991	1420.0	3799.0	17.73	0.798	-0.10	-0.04
992	1421.0	2494.0	18.03	0.858	0.30	0.24
993	1421.0	3358.0	27.23	1.332	0.80	0.38
994	1422.0	1115.0	20.37	1.268	-0.30	-0.18
995	1423.0	3435.0	20.84	1.317	-0.07	-0.23
996	1424.0	3619.0	18.93	1.037	0.19	0.19
997	1427.0	1308.0	16.83	0.684	0.05	-0.20
998	1428.0	2838.0	15.87	0.640	-0.02	-0.10
999	1431.0	3001.0	20.79	1.322	0.21	-0.16
1000	1431.0	3681.0	17.75	0.808	-0.01	0.18
1001	1432.0	3538.0	20.82	1.328	0.05	0.24
1002	1433.0	3283.0	21.87	1.466	-0.11	-0.13
1003	1433.0	3637.0	20.42	1.277	-0.23	-0.26
1004	1435.0	1066.0	22.50	1.625	0.07	-0.30
1005	1435.0	2602.0	22.52	1.645	0.21	0.25
1006	1436.0	1881.0	20.71	1.304	-0.19	-0.03
1007	1436.0	3836.0	20.03	1.220	0.30	-0.31
1008	1439.0	1636.0	19.39	1.130	0.23	0.10
1009	1439.0	3889.0	19.40	1.125	-0.28	0.15
1010	1440.0	3648.0	21.22	1.382	-0.14	0.07
1011	1440.0	0802.1	20.85	1.326	-0.08	-0.15
1012	1441.0	2761.0	17.06	0.716	0.22	0.03
1013	1445.0	3044.0	26.40	0.973	-0.37	-0.11
1014	1448.0	3211.0	19.78	1.194	0.24	0.11
1015	1448.0	3601.0	27.23	1.393	0.01	-0.51
1016	1450.0	1068.0	21.32	1.389	-0.22	0.30
1017	1450.0	3151.0	16.86	0.698	0.01	-0.12
1018	1451.0	3456.0	20.83	1.377	-0.07	0.28
1019	1453.0	3272.0	29.85	3.502	0.77	-1.44
1020	1453.0	3642.0	17.85	0.831	0.21	0.28
1021	1454.0	2331.0	21.71	1.443	0.25	0.06
1022	1454.0	0929.3	21.08	1.352	0.15	-0.30
1023	1455.0	0806.5	26.42	1.038	-0.22	0.54
1024	1458.0	3653.0	21.63	1.435	0.02	-0.20
1025	1463.0	1738.0	20.54	1.379	0.07	-0.32
1026	1464.0	1920.0	17.46	0.761	0.07	0.20
1027	1464.0	2357.0	20.10	1.236	-0.19	0.01
1028	1465.0	3359.0	20.44	1.269	0.30	-0.17
1029	1466.0	3719.0	20.12	1.241	-0.03	-0.11
1030	1468.0	2241.0	26.46	0.963	-0.20	-0.62
1031	1469.0	2549.0	26.33	0.988	-0.59	0.47
1032	1472.0	3689.0	19.03	1.058	0.11	0.28
1033	1476.0	1226.0	17.03	0.701	-0.13	-0.12
1034	1478.0	3136.0	17.87	0.846	0.40	0.18
1035	1479.0	2716.0	18.57	0.946	-0.19	0.24
1036	1480.0	3952.0	20.96	1.344	0.42	-0.07
1037	1481.0	2363.0	18.83	1.000	-0.17	0.09
1038	1481.0	3203.0	19.98	1.224	0.24	-0.08
1039	1481.0	3895.0	20.98	1.343	0.37	-0.02
1040	1485.0	3359.0	19.17	1.074	-0.09	0.17
1041	1487.0	3644.0	20.07	1.227	-0.14	0.06
1042	1488.0	3692.0	16.48	0.663	0.05	-0.25
1043	1492.0	3495.0	16.49	0.658	0.23	-0.12
1044	1492.0	3587.0	17.88	0.820	0.19	-0.22
1045	1493.0	1254.0	22.42	1.582	0.06	-0.31
1046	1493.0	3669.0	21.31	1.403	-0.12	-0.12
1047	1494.0	1615.0	22.38	1.587	0.00	0.07
1048	1494.0	1687.0	20.97	1.351	0.08	-0.04
1049	1495.0	3066.0	20.78	1.324	0.18	0.08
1050	1496.0	1988.0	19.12	1.068	0.18	0.09
1051	1497.0	1964.0	18.77	1.023	0.22	-0.20
1052	1498.0	1823.0	20.44	1.277	0.02	-0.40
1053	1498.0	3292.0	27.28	1.384	0.33	0.51
1054	1500.0	1005.0	21.73	1.446	-0.18	0.01
1055	1500.0	3987.0	20.27	1.344	-0.11	0.40
1056	1500.0	0748.3	19.17	1.162	-0.16	-0.32
1057	1504.0	1897.0	18.79	0.990	0.16	0.16
1058	1505.0	3845.0	21.75	1.437	-0.18	0.16
1059	1506.0	3184.0	19.51	1.152	0.07	-0.20
1060	1507.0	1778.0	19.06	1.056	-0.11	0.24
1061	1507.0	3816.0	15.84	0.632	0.20	-0.40
1062	1508.0	1585.0	22.62	1.664	-0.46	0.09
1063	1509.0	3399.0	16.53	0.659	0.43	-0.43
1064	1510.0	2304.0	23.33	0.072	0.24	0.20
1065	1510.0	3705.0	23.32	0.083	0.39	-0.02
1066	1511.0	1878.0	22.70	1.676	0.20	0.14
1067	1512.0	1177.0	20.30	1.265	-0.32	-0.13
1068	1512.0	2174.0	28.93	2.725	0.48	-1.29
1069	1515.0	3198.0	20.38	1.279	-0.14	0.38
1070	1519.0	0941.0	15.08	0.672	-0.39	-0.25
1071	1519.0	2438.0	19.34	1.121	0.36	0.22
1072	1520.0	2957.0	14.08	0.817	0.14	-0.07
1073	1520.0	0627.9	20.01	1.231	-0.51	0.13
1074	1521.0	1308.0	20.21	1.248	-0.13	-0.21
1075	1521.0	3787.0	22.57	1.635	0.30	0.03
1076	1524.0	1331.0	23.64	0.133	0.33	-0.23
1077	1524.0	2919.0	17.58	0.782	0.01	-0.22
1078	1525.0	1666.0	18.73	1.000	-0.28	-0.32
1079	1528.0	3561.0	26.91	1.291	-0.90	-0.20
1080	1532.0	3747.0	20.34	1.271	0.04	-0.31
1081	1533.0	1080.0	19.36	1.117	0.08	0.23
1082	1533.0	3724.0	25.35	0.601	-0.10	0.00
1083	1534.0	3452.0	19.80	1.193	0.08	0.24
1084	1534.0	0738.2	23.33	1.976	-0.23	-0.22
1085	1536.0	0664.2	19.57	1.157	-0.28	-0.23
1086	1537.0	0846.0	19.02	1.055	0.24	0.01
1087	1537.0	2619.0	18.39	0.930	-0.01	-0.43
1088	1537.0	2837.0	26.74	1.171	-0.54	-0.15
1089	1539.0	1815.0	20.50	1.280	-0.04	-0.29
1090	1541.0	3463.0	23.17	1.879	-0.09	0.33
1091	1543.0	1658.0	18.16	1.013	-0.27	-0.09
1092	1544.0	1043.0	20.59	1.294	0.08	-0.29
1093	1544.0	3131.0	17.90	0.843	0.10	-0.34
1094	1545.0	3029.0	22.22	1.558	-0.26	-0.03
1095	1547.0	3909.0	18.02	0.852	0.35	0.14
1096	1549.0	3638.0	26.93	1.256	0.95	-0.72
1097	1552.0	3190.0	19.14	1.077	-0.01	-0.45
1098	1557.0	1789.0	20.84	1.326	-0.20	0.25
1099	1558.0	3761.0	17.50	0.762	0.13	-0.24
1100	1560.0	2708.0	16.03	0.637	-0.03	-0.12
1101	1562.0	1041.0	18.14	0.860	-0.14	0.25
1102	1563.0	2910.0	17.99	0.862	-0.28	0.10
1103	1563.0	3580.0	20.27	1.262	0.08	-0.25
1104	1564.0	1453.0	21.81	1.545	0.24	0.00
1105	1564.0	1800.0	18.94	1.048	-0.11	0.18
1106	1564.0	2281.0	20.11	1.240	0.09	0.22
1107	1564.0	3253.0	20.47	1.289	-0.07	-0.27
1108	1564.0	3847.0	26.76	1.233	-0.57	-1.02
1109	1565.0	3532.0	17.79	0.812	0.27	-0.29
1110	1565.0	3920.0	21.17	1.376	0.26	0.10
1111	1566.0	1124.0	21.91	1.478	-0.03	-0.33
1112	1567.0	3644.0	22.94	1.811	-0.02	0.35
1113	1567.0	4061.0	21.79	1.603	0.29	0.00
1114	1570.0	3089.0	18.94	1.035	0.31	0.13
1115	1571.0	2462.0	19.57	1.167	0.15	-0.36
1116	1571.0	4029.0	19.22	1.091	0.08	-0.24
1117	1571.0	4047.0	19.72	1.177	0.30	0.30
1118	1572.0	2400.0	21.31	1.388	0.39	0.01
1119	1572.0	3004.0	26.49	1.676	0.48	1.07
1120	1574.0	1615.0	19.67	1.185	0.27	-0.19
1121	1574.0	3908.0	18.20	0.896	0.02	-0.09
1122	1575.0	3617.0	21.11	1.354	0.10	-0.10
1123	1575.0	3701.0	16.18	0.637	-0.09	0.16
1124	1576.0	2759.0	21.12	1.382	-0.02	-0.11
1125	1579.0	3529.0	16.08	0.649	0.04	-0.33
1126	1579.0	3738.0	19.30	1.103	-0.32	0.12
1127	1585.0	2972.0	16.09	0.644	0.10	0.13
1128	1585.0	3107.0	21.11	1.365	-0.25	-0.10
1129	1585.0	0687.6	21.05	1.348	0.17	0.36
1130	1588.0	3023.0	17.44	0.765	0.20	0.12
1131	1589.0	3197.0	19.95	1.218	-0.26	-0.18
1132	1590.0	3591.0	20.99	1.342	0.14	0.10
1133	1592.0	2268.0	17.46	0.756	0.16	-0.09
1134	1592.0	0639.9	20.61	1.300	0.25	0.11
1135	1593.0	1945.0	19.84	1.216	-0.43	0.03
1136	1598.0	3865.0	21.82	1.458	0.25	-0.18
1137	1601.0	0764.0	20.58	1.295	-0.32	0.02
1138	1601.0	2156.0	20.28	1.264	0.11	-0.21
1139	1601.0	3850.0	21.62	1.425	0.08	0.22
1140	1604.0	1301.0	16.64	0.668	-0.14	0.15
1141	1607.0	1135.0	20.17	1.247	-0.42	0.13
1142	1607.0	3902.0	19.95	1.231	-0.12	0.25
1143	1610.0	0591.5	20.43	1.265	-0.15	0.30
1144	1610.0	0754.8	20.91	1.340	0.39	0.23
1145	1611.0	0818.9	16.60	0.662	0.00	0.07
1146	1612.0	3789.0	23.83	2.327	-0.27	-0.33
1147	1613.0	2460.0	18.41	0.923	-0.24	-0.07
1148	1613.0	3613.0	19.98	1.232	0.10	-0.27
1149	1613.0	3990.0	21.52	1.414	-0.13	0.42
1150	1614.0	1785.0	21.55	1.412	0.08	0.19
1151	1614.0	1800.0	21.23	1.366	0.01	0.35
1152	1615.0	0630.5	20.54	1.274	-0.32	0.32
1153	1617.0	2056.0	23.78	0.216	-0.12	0.01
1154	1617.0	2589.0	20.77	1.316	0.00	-0.04
1155	1621.0	3427.0	23.56	2.146	0.15	-0.24
1156	1622.0	2685.0	19.04	1.060	0.15	0.33
1157	1622.0	2722.0	19.27	1.099	0.01	0.30
1158	1622.0	3287.0	24.85	0.472	0.18	-0.09
1159	1626.0	1961.0	19.66	1.173	0.08	0.11
1160	1628.0	3712.0	26.71	1.060	-0.48	-0.39
1161	1629.0	1787.0	22.51	1.639	-0.29	-0.18
1162	1630.0	2832.0	22.00	1.516	-0.02	-0.05
1163	1631.0	3463.0	19.86	1.198	-0.03	-0.07
1164	1632.0	2439.0	22.18	1.529	-0.05	-0.28
1165	1634.0	1974.0	23.04	1.820	-0.24	-0.08
1166	1635.0	0580.2	20.58	1.298	-0.42	0.31
1167	1637.0	1381.0	19.61	1.162	-0.21	-0.32
1168	1639.0	1201.0	21.72	1.451	-0.36	0.12
1169	1639.0	0778.8	19.75	1.192	-0.26	0.21
1170	1642.0	1586.0	20.43	1.276	0.30	0.03
1171	1642.0	1756.0	21.51	1.413	-0.04	-0.30
1172	1642.0	3894.0	19.25	1.092	-0.12	0.20
1173	1644.0	3369.0	18.45	0.939	-0.14	0.10
1174	1645.0	1271.0	16.69	0.666	-0.37	-0.50
1175	1647.0	2035.0	20.25	1.261	-0.08	0.03
1176	1647.0	2203.0	27.46	1.171	1.23	-0.27
1177	1648.0	3132.0	20.93	1.336	0.17	-0.12
1178	1650.0	3289.0	16.48	0.659	-0.06	-0.07
1179	1651.0	2565.0	19.67	1.172	0.09	0.09
1180	1653.0	2010.0	25.96	0.917	-0.15	-0.14
1181	1653.0	2753.0	18.81	1.010	-0.01	0.00
1182	1653.0	3535.0	18.70	0.988	-0.08	0.03
1183	1655.0	2363.0	17.60	0.787	0.16	-0.05
1184	1656.0	3931.0	20.59	1.296	0.06	-0.40
1185	1657.0	2510.0	21.98	1.497	0.16	0.12
1186	1658.0	1225.0	23.48	2.095	0.40	-0.11
1187	1659.0	2168.0	24.09	0.301	-0.13	0.09
1188	1660.0	3258.0	19.49	1.144	-0.20	0.33
1189	1660.0	3461.0	18.08	0.870	-0.07	0.25
1190	1662.0	3691.0	18.23	0.873	0.09	0.06
1191	1666.0	3122.0	19.58	1.164	0.10	-0.06
1192	1666.0	3647.0	22.34	1.581	0.24	-0.15
1193	1666.0	3662.0	27.24	1.461	-0.44	-0.78
1194	1668.0	1687.0	20.50	1.282	0.19	0.20
1195	1668.0	3842.0	20.62	1.298	0.37	0.22
1196	1669.0	1806.0	26.95	1.265	-0.20	-0.12
1197	1670.0	1387.0	19.88	1.208	0.09	0.25
1198	1670.0	4017.0	21.81	1.455	0.29	0.21
1199	1674.0	1026.0	16.91	0.705	-0.22	-0.24
1200	1675.0	2437.0	19.09	1.150	-0.41	0.09
1201	1677.0	1123.0	22.58	1.638	0.07	-0.22
1202	1678.0	0717.0	17.05	0.707	-0.55	0.00
1203	1678.0	1475.0	21.52	1.420	-0.41	0.01
1204	1680.0	2809.0	26.81	1.062	-0.74	0.16
1205	1680.0	4057.0	24.75	0.503	0.01	-0.10
1206	1682.0	2789.0	21.90	1.484	0.19	-0.03
1207	1682.0	3979.0	22.91	1.771	0.31	-0.09
1208	1684.0	3532.0	21.85	1.481	-0.06	0.07
1209	1685.0	4031.0	20.72	1.303	-0.17	-0.04
1210	1686.0	1700.0	20.67	1.305	-0.12	0.28
1211	1692.0	2752.0	20.30	1.274	0.18	0.03
1212	1695.0	3037.0	18.68	0.985	0.17	-0.16
1213	1696.0	3172.0	17.51	0.767	0.11	-0.33
1214	1697.0	3303.0	20.03	1.261	-0.37	0.17
1215	1698.0	3013.0	20.41	1.283	-0.14	0.13
1216	1698.0	3834.0	26.87	1.450	-0.32	0.07
1217	1699.0	1527.0	16.62	0.673	-0.47	-0.13
1218	1700.0	2887.0	19.72	1.185	0.07	0.02
1219	1704.0	1207.0	21.44	1.403	0.18	-0.16
1220	1704.0	1347.0	21.97	1.502	0.43	0.21
1221	1705.0	1784.0	21.98	1.497	-0.13	-0.14
1222	1706.0	1426.0	20.53	1.268	-0.28	-0.04
1223	1707.0	4003.0	20.21	1.247	0.15	0.08
1224	1707.0	4034.0	16.11	0.637	-0.04	-0.17
1225	1710.0	3988.0	19.04	1.073	0.11	-0.08
1226	1711.0	2268.0	19.87	1.207	-0.01	0.37
1227	1711.0	3625.0	21.15	1.368	0.08	-0.15
1228	1713.0	3654.0	24.38	2.676	0.05	0.10
1229	1714.0	2403.0	23.49	2.090	0.24	0.00
1230	1715.0	0726.7	20.67	1.304	-0.34	0.28
1231	1716.0	3096.0	23.42	2.044	0.25	0.05
1232	1716.0	3364.0	26.63	1.296	-0.60	0.22
1233	1717.0	3287.0	21.50	1.443	-0.27	0.36
1234	1723.0	2556.0	16.21	0.635	0.02	-0.06
1235	1726.0	1328.0	20.18	1.244	0.12	0.13
1236	1728.0	3649.0	20.65	1.308	0.09	0.16
1237	1729.0	1969.0	18.28	0.902	0.13	0.03
1238	1730.0	1907.0	26.26	1.081	-0.16	-0.04
1239	1733.0	3296.0	24.71	0.451	-0.01	0.09
1240	1733.0	3599.0	21.17	1.357	0.23	-0.46
1241	1734.0	3789.0	26.56	1.098	-0.09	0.36
1242	1735.0	1090.0	20.42	1.281	0.26	-0.46
1243	1737.0	3807.0	20.45	1.283	-0.29	-0.33
1244	1738.0	1648.0	22.10	1.512	0.22	0.34
1245	1739.0	3707.0	23.10	1.886	0.02	-0.25
1246	1741.0	3632.0	27.48	1.127	0.86	0.30
1247	1746.0	1284.0	16.30	0.638	-0.27	0.20
1248	1747.0	1999.0	18.08	0.882	0.12	-0.08
1249	1747.0	3944.0	20.35	1.273	0.12	-0.24
1250	1752.0	2411.0	21.40	1.395	-0.34	0.30
1251	1752.0	3801.0	23.21	1.879	0.14	0.17
1252	1755.0	2033.0	21.41	1.399	0.09	-0.10
1253	1755.0	3932.0	19.44	1.131	-0.07	0.00
1254	1756.0	4062.0	19.94	1.212	-0.24	-0.04
1255	1756.0	0788.5	20.40	1.279	-0.37	0.18
1256	1763.0	3148.0	18.04	0.859	0.44	-0.01
1257	1763.0	3552.0	24.06	2.470	-0.14	-0.09
1258	1765.0	2855.0	20.24	1.261	-0.02	-0.12
1259	1766.0	1630.0	20.21	1.246	-0.13	-0.36
1260	1768.0	2841.0	21.03	1.358	0.02	0.02
1261	1768.0	3495.0	16.59	0.672	0.08	-0.36
1262	1769.0	2793.0	19.74	1.182	0.36	-0.39
1263	1770.0	2446.0	19.38	1.121	0.14	0.19
1264	1773.0	1597.0	19.18	1.078	0.04	0.26
1265	1776.0	3204.0	16.78	0.689	-0.03	-0.17
1266	1776.0	3421.0	20.28	1.264	0.27	0.24
1267	1777.0	3241.0	20.82	1.320	0.06	-0.11
1268	1777.0	3704.0	20.52	1.289	-0.36	-0.38
1269	1778.0	1108.0	22.06	1.520	0.35	-0.25
1270	1780.0	2549.0	24.69	0.450	0.16	0.25
1271	1780.0	3949.0	17.91	0.839	-0.22	0.07
1272	1781.0	2877.0	22.01	1.480	0.09	-0.09
1273	1781.0	3569.0	21.00	1.343	-0.06	-0.13
1274	1782.0	2199.0	26.49	0.973	-0.27	0.16
1275	1782.0	3329.0	21.19	1.372	-0.08	0.29
1276	1784.0	4023.0	18.79	1.008	0.08	0.25
1277	1788.0	1418.0	21.81	1.450	0.07	-0.42
1278	1790.0	1884.0	17.75	0.811	-0.28	-0.26
1279	1790.0	2573.0	16.32	0.642	-0.07	-0.17
1280	1792.0	3092.0	20.28	1.272	-0.21	0.10
1281	1792.0	3108.0	21.30	1.383	-0.16	-0.24
1282	1792.0	0807.9	21.28	1.376	-0.37	0.12
1283	1793.0	2276.0	21.54	1.271	0.35	0.21
1284	1794.0	3258.0	20.40	1.285	0.41	0.18
1285	1796.0	3340.0	21.17	1.364	0.00	0.13
1286	1800.0	3433.0	20.33	1.268	0.22	-0.08
1287	1801.0	2244.0	19.09	1.064	0.27	0.10
1288	1801.0	3475.0	19.58	1.168	0.09	-0.15
1289	1803.0	3151.0	21.36	1.391	0.32	-0.08
1290	1803.0	3451.0	20.05	1.229	0.29	0.13
1291	1804.0	3239.0	19.36	1.121	0.50	-0.13
1292	1804.0	3551.0	26.71	1.175	-0.33	-0.15
1293	1805.0	2508.0	18.23	0.886	-0.07	0.23
1294	1807.0	1828.0	14.84	0.730	0.22	-0.10
1295	1807.0	2391.0	18.39	0.938	-0.15	0.06
1296	1809.0	3311.0	22.12	1.532	-0.04	0.15
1297	1809.0	3465.0	19.65	1.167	0.35	-0.18
1298	1809.0	3719.0	21.12	1.359	0.19	-0.03
1299	1812.0	2533.0	21.66	1.426	0.33	-0.02
1300	1813.0	4022.0	15.88	0.622	-0.25	-0.40
1301	1814.0	1487.0	25.04	0.554	0.35	-0.11
1302	1814.0	3264.0	26.24	0.930	0.17	-0.58
1303	1816.0	3057.0	20.91	1.360	0.07	0.30
1304	1816.0	3887.0	25.56	0.805	-0.09	0.16
1305	1818.0	1374.0	19.36	1.127	0.00	-0.26
1306	1818.0	3092.0	19.47	1.143	0.18	-0.16
1307	1819.0	0815.8	22.37	1.587	0.07	0.24
1308	1820.0	1226.0	26.88	1.168	0.32	-1.19
1309	1821.0	2044.0	18.87	1.023	-0.02	-0.42
1310	1822.0	1245.0	20.73	1.312	-0.25	0.18
1311	1822.0	1913.0	21.23	1.353	-0.01	-0.04
1312	1824.0	2970.0	11.09	0.816	0.51	0.10
1313	1825.0	1409.0	21.83	1.466	-0.16	-0.33
1314	1825.0	3394.0	19.10	1.070	0.31	-0.29
1315	1826.0	0903.1	23.69	2.221	0.42	-0.18
1316	1827.0	2348.0	21.45	1.332	0.30	-0.17
1317	1831.0	2754.0	21.59	1.419	0.04	-0.18
1318	1832.0	1626.0	20.83	1.419	-0.13	-0.03
1319	1832.0	1925.0	15.75	0.623	-0.19	-0.42
1320	1833.0	1323.0	22.56	1.651	-0.02	0.07
1321	1836.0	2491.0	28.58	1.252	0.03	0.31
1322	1836.0	3561.0	22.44	1.595	0.36	-0.20
1323	1838.0	2814.0	21.68	1.439	-0.05	-0.10
1324	1843.0	3664.0	21.07	1.348	0.05	-0.09
1325	1844.0	1481.0	20.90	1.349	-0.16	-0.03
1326	1844.0	3495.0	22.52	1.635	-0.07	0.15
1327	1845.0	1100.0	19.80	1.194	0.12	-0.38
1328	1845.0	2646.0	20.93	1.331	0.13	-0.27
1329	1845.0	3570.0	25.25	0.605	0.16	-0.27
1330	1845.0	4005.0	20.42	1.287	-0.06	-0.02
1331	1848.0	4017.0	22.28	1.530	0.07	0.14
1332	1849.0	2342.0	15.34	0.638	0.36	0.25
1333	1851.0	3808.0	26.31	1.025	1.00	0.05
1334	1851.0	0914.8	20.01	1.216	0.36	0.19
1335	1852.0	2984.0	20.52	1.493	-0.21	-0.47
1336	1852.0	3375.0	18.30	0.900	-0.03	0.17
1337	1852.0	3628.0	19.22	1.088	0.34	-0.27
1338	1858.0	3232.0	16.90	0.704	0.40	-0.24
1339	1859.0	1532.0	23.28	1.954	-0.06	-0.41
1340	1860.0	3848.0	23.05	1.855	0.14	-0.05
1341	1862.0	3032.0	22.10	1.628	0.08	-0.33
1342	1863.0	3991.0	18.24	0.895	0.04	-0.12
1343	1863.0	4001.0	18.21	0.884	-0.23	0.20
1344	1864.0	1352.0	20.34	1.266	0.08	0.30
1345	1864.0	4045.0	16.08	0.629	0.01	-0.03
1346	1867.0	3340.0	16.41	0.661	0.07	-0.11
1347	1869.0	1255.0	19.82	1.198	-0.43	-0.28
1348	1869.0	2407.0	22.28	1.571	-0.07	0.23
1349	1871.0	2373.0	18.31	0.908	-0.27	0.09
1350	1875.0	3279.0	22.03	1.351	0.28	0.19
1351	1876.0	1526.0	19.89	1.215	0.05	0.11
1352	1876.0	3586.0	16.91	0.693	0.18	-0.10
1353	1877.0	3385.0	20.64	1.313	-0.06	-0.08
1354	1881.0	3229.0	12.55	0.847	0.01	-0.17
1355	1882.0	1245.0	17.21	0.728	0.19	0.22
1356	1883.0	3699.0	21.85	1.457	-0.22	-0.34
1357	1885.0	1746.0	20.52	1.289	0.23	0.18
1358	1885.0	2928.0	19.42	1.138	-0.24	0.23
1359	1889.0	2186.0	16.10	0.628	-0.04	-0.21
1360	1892.0	2461.0	18.29	0.899	0.31	0.20
1361	1894.0	2174.0	19.55	1.142	0.21	-0.02
1362	1897.0	2854.0	20.36	1.279	-0.18	-0.41
1363	1900.0	2870.0	20.42	1.275	0.05	-0.02
1364	1904.0	2896.0	18.32	0.898	-0.22	-0.18
1365	1904.0	3090.0	17.27	0.742	0.58	-0.18
1366	1904.0	3378.0	19.33	1.112	-0.06	-0.13
1367	1907.0	2767.0	24.79	0.511	-0.23	0.22
1368	1908.0	1427.0	22.30	1.566	0.02	-0.04
1369	1910.0	1320.0	17.40	0.754	-0.50	0.26
1370	1910.0	3587.0	16.31	0.636	-0.08	0.03
1371	1911.0	2003.0	19.12	1.132	-0.21	0.13
1372	1911.0	2032.0	20.53	1.287	0.04	0.21
1373	1911.0	3159.0	25.98	0.786	-0.02	-0.13
1374	1912.0	2070.0	20.46	1.282	0.23	0.20
1375	1912.0	2286.0	20.23	1.262	0.12	0.24
1376	1914.0	3810.0	21.23	1.375	-0.17	0.01
1377	1917.0	1957.0	15.75	0.628	-0.02	-0.16
1378	1918.0	0934.4	18.81	0.989	-0.23	-0.36
1379	1919.0	2206.0	23.82	2.259	0.16	-0.08
1380	1919.0	3643.0	15.50	0.626	-0.13	-0.01
1381	1919.0	3691.0	16.62	0.670	0.02	-0.31
1382	1920.0	1854.0	23.40	1.986	0.25	0.07
1383	1921.0	1010.0	16.44	0.654	0.09	-0.01
1384	1922.0	3499.0	26.28	1.021	-0.39	-0.02
1385	1924.0	1803.0	20.28	1.263	0.03	-0.08
1386	1924.0	3283.0	21.60	1.450	0.00	0.20
1387	1928.0	2673.0	16.40	0.655	0.12	-0.08
1388	1931.0	2388.0	23.34	1.972	-0.21	-0.06
1389	1931.0	2828.0	21.74	1.441	-0.13	0.02
1390	1931.0	3852.0	26.99	1.017	0.10	-0.48
1391	1932.0	1692.0	21.51	1.408	-0.19	-0.05
1392	1934.0	2888.0	21.44	1.407	0.18	0.15
1393	1938.0	1845.0	26.49	0.956	-0.32	-0.27
1394	1938.0	2998.0	16.34	0.656	0.05	-0.18
1395	1938.0	3838.0	19.12	1.077	0.19	-0.08
1396	1939.0	2059.0	25.67	0.742	-0.04	0.10
1397	1940.0	3160.0	20.61	1.304	-0.28	-0.37
1398	1942.0	2682.0	20.51	1.282	0.15	0.15
1399	1944.0	0998.8	19.94	1.217	0.40	0.19
1400	1945.0	3207.0	18.75	1.008	-0.11	0.12
1401	1949.0	3868.0	23.39	1.975	0.08	-0.12
1402	1951.0	1920.0	25.53	0.701	0.05	0.10
1403	1952.0	1752.0	19.93	1.213	-0.12	-0.39
1404	1952.0	2189.0	16.14	0.631	-0.34	-0.15
1405	1952.0	2295.0	23.01	1.739	0.02	0.25
1406	1956.0	2687.0	17.79	0.808	-0.13	0.30
1407	1956.0	3755.0	19.24	1.086	0.43	-0.14
1408	1958.0	4006.0	22.94	1.788	-0.31	0.15
1409	1962.0	2812.0	21.94	1.461	0.20	0.08
1410	1962.0	0955.1	22.31	1.579	-0.04	-0.15
1411	1965.0	3044.0	21.63	1.436	0.10	0.32
1412	1966.0	3960.0	20.25	1.262	0.17	0.18
1413	1967.0	2603.0	18.68	0.992	-0.23	-0.18
1414	1968.0	3072.0	20.21	1.254	0.07	0.03
1415	1970.0	2871.0	19.93	1.208	-0.09	-0.17
1416	1971.0	2189.0	19.33	1.112	-0.24	0.07
1417	1974.0	1779.0	21.62	1.429	0.15	-0.20
1418	1976.0	3025.0	23.10	1.868	0.10	0.18
1419	1978.0	1706.0	20.64	1.298	-0.19	-0.03
1420	1978.0	2552.0	27.01	1.167	-0.82	0.40
1421	1978.0	2938.0	18.63	0.982	-0.16	0.42
1422	1979.0	3198.0	20.90	1.336	0.24	-0.04
1423	1980.0	3178.0	27.72	1.188	0.44	0.09
1424	1981.0	2295.0	19.54	1.150	-0.33	0.25
1425	1981.0	3686.0	22.70	1.676	0.10	-0.01
1426	1981.0	3817.0	18.36	0.906	-0.09	0.27
1427	1983.0	1240.0	26.96	1.142	-0.07	-0.27
1428	1985.0	1582.0	20.44	1.296	0.15	0.12
1429	1986.0	2966.0	16.98	0.705	0.01	-0.03
1430	1986.0	3077.0	21.24	1.374	-0.02	-0.19
1431	1986.0	3121.0	19.35	1.119	0.05	-0.32
1432	1990.0	1859.0	20.99	1.342	-0.04	-0.08
1433	1992.0	1895.0	20.28	1.260	-0.20	-0.06
1434	1992.0	2206.0	25.36	0.633	0.00	0.03
1435	1993.0	3246.0	22.89	1.756	0.18	-0.01
1436	1994.0	2666.0	22.14	1.527	0.06	0.14
1437	1994.0	3810.0	22.03	1.466	-0.20	-0.06
1438	1996.0	1358.0	16.97	0.710	-0.45	0.00
1439	1998.0	0891.4	16.77	0.662	-0.33	-0.38
1440	1999.0	2311.0	27.61	1.072	0.51	-0.22
1441	2000.0	1580.0	21.72	1.471	-0.25	0.15
1442	2001.0	2350.0	20.62	1.298	-0.24	-0.20
1443	2001.0	2650.0	19.64	1.182	-0.16	0.27
1444	2005.0	2004.0	27.55	1.334	0.46	1.03
1445	2006.0	2425.0	20.76	1.314	-0.01	0.12
1446	2014.0	1476.0	20.20	1.262	0.01	-0.10
1447	2014.0	2415.0	17.83	0.832	0.06	-0.11
1448	2015.0	2342.0	21.11	1.356	-0.33	0.07
1449	2015.0	2754.0	17.89	0.832	0.27	-0.32
1450	2017.0	2089.0	15.55	0.632	0.20	-0.35
1451	2018.0	3921.0	22.46	1.640	-0.03	-0.17
1452	2020.0	1971.0	18.49	0.944	0.29	-0.03
1453	2021.0	3324.0	19.43	1.129	0.24	-0.16
1454	2022.0	2700.0	16.73	0.680	0.14	0.07
1455	2024.0	1776.0	25.22	0.593	-0.04	0.05
1456	2025.0	2912.0	18.15	0.875	0.17	0.09
1457	2028.0	1146.0	21.18	1.361	0.18	0.40
1458	2028.0	3273.0	21.04	1.340	-0.10	-0.19
1459	2030.0	2687.0	20.96	1.321	-0.40	-0.32
1460	2032.0	1431.0	21.68	1.458	-0.08	-0.24
1461	2035.0	3570.0	20.20	1.238	0.16	-0.25
1462	2036.0	0875.4	22.09	1.503	0.02	-0.36
1463	2037.0	3109.0	18.26	0.891	-0.11	-0.22
1464	2038.0	1175.0	20.27	1.258	-0.16	0.27
1465	2038.0	3823.0	20.98	1.325	-0.05	0.07
1466	2041.0	0991.5	21.23	1.361	-0.15	0.50
1467	2042.0	3001.0	21.38	1.403	0.07	0.01
1468	2045.0	1747.0	18.33	0.914	-0.20	-0.27
1469	2045.0	1961.0	18.32	0.920	0.10	-0.15
1470	2048.0	1569.0	20.84	1.344	0.06	0.38
1471	2049.0	3597.0	13.18	0.200	0.10	-0.21
1472	2050.0	2967.0	19.30	1.237	0.09	-0.11
1473	2052.0	1308.0	21.56	1.424	0.11	-0.28
1474	2052.0	1423.0	17.70	0.819	0.20	-0.44
1475	2055.0	2043.0	18.96	1.049	-0.09	0.07
1476	2057.0	2015.0	16.13	0.642	0.22	-0.28
1477	2059.0	2655.0	26.42	0.945	-0.25	-0.24
1478	2060.0	1732.0	19.99	1.224	-0.24	-0.30
1479	2060.0	0944.4	27.46	1.193	-0.45	0.25
1480	2061.0	2622.0	20.90	1.334	-0.09	-0.08
1481	2062.0	2888.0	19.35	1.126	0.20	-0.17
1482	2063.0	3307.0	18.13	0.869	0.25	-0.22
1483	2063.0	3496.0	20.95	1.333	-0.07	0.27
1484	2065.0	2588.0	26.31	1.003	-0.40	0.41
1485	2066.0	2559.0	22.42	1.609	0.00	0.16
1486	2066.0	3457.0	18.70	0.993	0.28	0.10
1487	2067.0	1535.0	25.72	0.814	0.10	0.02
1488	2067.0	1687.0	19.97	1.225	0.21	-0.28
1489	2068.0	2778.0	20.99	1.345	-0.09	-0.23
1490	2068.0	3428.0	19.55	1.149	0.14	-0.22
1491	2071.0	3543.0	20.21	1.239	0.24	-0.11
1492	2074.0	1214.0	20.17	1.248	-0.04	0.07
1493	2074.0	1651.0	20.48	1.302	-0.22	-0.26
1494	2076.0	1877.0	20.89	1.315	0.13	-0.23
1495	2077.0	3395.0	18.06	0.842	-0.05	-0.17
1496	2077.0	3994.0	15.98	0.630	-0.01	-0.19
1497	2079.0	2684.0	16.98	0.701	-0.11	-0.33
1498	2080.0	3451.0	21.20	1.371	-0.17	0.08
1499	2083.0	2253.0	16.21	0.635	-0.04	-0.21
1500	2087.0	2165.0	20.88	1.330	-0.29	-0.06
1501	2088.0	3636.0	22.50	1.586	-0.39	-0.01
1502	2089.0	3900.0	20.96	1.244	0.06	-0.28
1503	2091.0	2860.0	21.76	1.469	-0.01	-0.26
1504	2092.0	2200.0	20.20	1.250	-0.14	-0.01
1505	2093.0	1905.0	13.94	0.804	0.02	-0.47
1506	2094.0	1621.0	20.33	1.270	-0.07	-0.25
1507	2094.0	2335.0	19.32	1.104	0.15	-0.04
1508	2096.0	1661.0	22.36	1.598	-0.04	-0.28
1509	2097.0	1543.0	21.43	1.409	-0.28	0.14
1510	2097.0	2440.0	21.97	1.483	-0.15	0.05
1511	2097.0	3875.0	13.08	0.837	0.07	-0.44
1512	2098.0	3054.0	22.53	1.640	-0.13	-0.28
1513	2103.0	1956.0	19.05	1.058	0.15	0.02
1514	2104.0	3765.0	26.46	1.017	-0.30	-0.07
1515	2105.0	4030.0	18.53	1.056	0.08	0.12
1516	2106.0	3576.0	18.77	1.017	-0.21	-0.31
1517	2110.0	1598.0	26.14	0.961	-0.41	-0.15
1518	2116.0	1239.0	21.90	1.468	-0.31	-0.34
1519	2120.0	2358.0	25.31	0.643	-0.12	-0.06
1520	2122.0	1781.0	26.81	1.203	-0.13	0.06
1521	2122.0	2678.0	20.30	1.270	0.21	0.15
1522	2126.0	1305.0	24.77	0.423	-0.05	-0.16
1523	2126.0	4076.0	27.08	1.243	0.37	-0.25
1524	2128.0	4009.0	25.57	0.741	0.03	-0.27
1525	2131.0	1141.0	24.17	2.600	0.18	0.23
1526	2131.0	1201.0	21.53	1.404	-0.03	0.24
1527	2136.0	2900.0	22.57	1.594	0.13	0.03
1528	2137.0	3701.0	20.52	1.291	0.02	-0.16
1529	2139.0	1497.0	18.24	0.892	0.29	-0.13
1530	2144.0	2893.0	20.28	1.271	-0.13	-0.06
1531	2144.0	3868.0	22.04	1.502	0.11	-0.08
1532	2145.0	1487.0	18.09	0.880	-0.19	-0.02
1533	2146.0	3038.0	17.77	0.821	-0.19	0.32
1534	2147.0	3356.0	17.82	0.803	0.04	-0.08
1535	2148.0	1410.0	20.09	1.251	0.13	0.22
1536	2149.0	2314.0	21.53	1.412	0.13	-0.17
1537	2149.0	2604.0	21.96	1.517	-0.32	0.27
1538	2151.0	3782.0	20.37	1.281	0.26	0.22
1539	2152.0	1063.0	20.72	1.297	-0.37	-0.19
1540	2155.0	2485.0	21.10	1.353	0.18	-0.26
1541	2158.0	0954.6	17.40	0.752	-0.15	-0.30
1542	2161.0	1893.0	21.95	1.497	-0.17	-0.24
1543	2164.0	0991.5	17.58	0.782	-0.27	-0.45
1544	2165.0	3013.0	24.95	3.326	-0.14	0.38
1545	2167.0	3198.0	17.60	0.787	0.36	0.13
1546	2167.0	4016.0	19.60	1.157	0.08	-0.39
1547	2168.0	1082.0	23.26	1.934	0.18	-0.08
1548	2168.0	3654.0	19.54	1.151	0.28	-0.21
1549	2170.0	1803.0	18.31	0.898	-0.20	0.25
1550	2170.0	2095.0	19.86	1.196	-0.14	0.02
1551	2172.0	3054.0	22.18	1.530	0.19	-0.01
1552	2173.0	1338.0	25.98	0.770	-0.34	-0.23
1553	2175.0	1432.0	19.78	1.211	-0.13	-0.02
1554	2175.0	2973.0	19.30	1.108	-0.14	-0.07
1555	2177.0	1642.0	21.57	1.446	0.02	-0.35
1556	2178.0	2725.0	20.33	1.284	0.11	0.17
1557	2178.0	2941.0	19.94	1.216	0.04	0.10
1558	2180.0	1124.0	21.56	1.430	0.43	0.31
1559	2183.0	3021.0	23.05	1.800	0.10	0.06
1560	2184.0	2932.0	19.24	1.094	0.27	0.00
1561	2185.0	3232.0	18.31	0.914	0.13	-0.10
1562	2186.0	3842.0	12.72	0.844	0.20	-0.63
1563	2187.0	1740.0	27.13	1.410	-0.08	0.29
1564	2187.0	2989.0	19.89	1.205	0.04	0.21
1565	2191.0	2300.0	26.29	0.977	-0.17	0.01
1566	2191.0	3010.0	20.50	1.282	0.00	0.21
1567	2193.0	2066.0	18.12	0.865	-0.26	-0.22
1568	2193.0	3732.0	18.63	0.954	0.19	0.26
1569	2195.0	2013.0	20.65	1.298	0.01	0.05
1570	2196.0	1637.0	18.03	0.865	-0.19	0.19
1571	2196.0	2400.0	22.07	1.504	0.34	0.27
1572	2197.0	1805.0	21.14	1.363	0.09	-0.27
1573	2200.0	1691.0	21.06	1.351	-0.24	-0.20
1574	2200.0	3795.0	21.42	1.408	0.35	-0.16
1575	2204.0	2031.0	26.75	1.046	-0.30	0.20
1576	2204.0	2093.0	19.72	1.177	0.22	0.07
1577	2205.0	3972.0	20.54	1.292	0.29	-0.29
1578	2206.0	1113.0	27.27	1.202	-0.71	0.58
1579	2206.0	1248.0	21.68	1.449	-0.20	0.01
1580	2210.0	1069.0	17.66	0.789	0.27	-0.03
1581	2210.0	3605.0	20.75	1.313	0.09	-0.29
1582	2211.0	3549.0	18.30	0.912	0.29	0.24
1583	2213.0	1644.0	20.21	1.327	-0.19	-0.40
1584	2213.0	2059.0	19.34	1.106	0.15	-0.09
1585	2216.0	1846.0	27.14	1.205	-0.72	-0.22
1586	2217.0	1559.0	16.32	0.662	0.01	-0.53
1587	2217.0	3988.0	21.38	1.379	-0.36	-0.20
1588	2221.0	1054.0	21.25	1.382	-0.15	-0.26
1589	2221.0	3965.0	15.65	0.612	-0.21	0.06
1590	2224.0	3503.0	18.38	0.910	-0.12	0.18
1591	2227.0	2793.0	20.53	1.263	0.00	-0.08
1592	2230.0	1838.0	20.64	1.302	0.23	-0.18
1593	2231.0	1083.0	21.35	1.392	0.13	-0.30
1594	2231.0	2784.0	16.47	0.664	0.09	-0.09
1595	2232.0	3996.0	21.21	1.365	-0.13	0.00
1596	2233.0	4071.0	20.43	1.277	-0.24	0.12
1597	2234.0	2441.0	15.54	0.631	0.08	-0.18
1598	2234.0	3028.0	19.05	1.057	0.19	-0.19
1599	2236.0	1776.0	19.58	1.157	-0.02	-0.10
1600	2236.0	1955.0	23.92	2.388	0.02	-0.12
1601	2236.0	2764.0	17.74	0.823	0.16	-0.03
1602	2238.0	3117.0	22.18	1.525	-0.18	-0.36
1603	2238.0	3518.0	22.09	1.519	-0.14	-0.05
1604	2242.0	1272.0	21.23	1.375	0.10	0.11
1605	2243.0	3080.0	19.60	1.171	-0.10	0.17
1606	2244.0	1983.0	20.07	1.206	-0.08	-0.43
1607	2244.0	2559.0	26.67	1.037	-0.02	-0.43
1608	2244.0	2936.0	16.45	0.658	0.14	-0.37
1609	2245.0	3192.0	21.36	1.396	0.19	-0.32
1610	2248.0	4088.0	19.26	1.094	0.12	0.04
1611	2249.0	1518.0	15.25	0.667	0.25	-0.44
1612	2249.0	1912.0	19.67	1.174	0.26	-0.34
1613	2250.0	2700.0	20.56	1.260	-0.15	-0.11
1614	2254.0	2420.0	12.67	0.578	1.17	-0.18
1615	2254.0	3295.0	17.81	0.823	0.00	-0.36
1616	2256.0	1137.0	22.91	1.822	0.34	0.25
1617	2257.0	2794.0	17.44	0.762	-0.09	-0.05
1618	2257.0	3391.0	19.71	1.179	0.18	0.11
1619	2260.0	2997.0	16.56	0.661	0.03	-0.32
1620	2263.0	1295.0	21.02	1.353	-0.10	0.24
1621	2264.0	3277.0	26.16	0.921	0.31	0.36
1622	2264.0	0984.4	20.64	1.303	0.05	0.22
1623	2265.0	3162.0	20.33	1.281	0.03	-0.24
1624	2265.0	3867.0	20.15	1.245	0.24	-0.18
1625	2267.0	1432.0	26.43	1.157	0.26	-0.38
1626	2267.0	1949.0	29.53	1.854	-0.93	0.85
1627	2268.0	1061.0	23.12	1.862	0.09	0.01
1628	2270.0	2551.0	18.20	0.881	0.18	-0.46
1629	2270.0	3674.0	26.71	1.125	0.04	0.80
1630	2270.0	4083.0	27.78	5.575	0.13	-0.60
1631	2271.0	1196.0	20.47	1.287	0.18	0.22
1632	2271.0	2078.0	20.24	1.252	0.40	-0.31
1633	2272.0	2051.0	20.27	1.259	-0.08	0.04
1634	2272.0	3517.0	20.62	1.298	0.34	-0.06
1635	2273.0	2282.0	27.36	1.158	0.31	0.72
1636	2274.0	3974.0	22.63	1.662	0.07	-0.14
1637	2275.0	3604.0	29.61	3.731	0.04	1.67
1638	2275.0	4071.0	23.58	2.123	-0.08	0.19
1639	2279.0	3871.0	26.11	0.957	-0.21	-0.06
1640	2279.0	3925.0	21.86	1.477	-0.25	0.18
1641	2280.0	3371.0	20.44	1.284	0.13	-0.23
1642	2283.0	1306.0	26.46	1.039	0.10	-0.40
1643	2283.0	1561.0	22.13	1.544	0.03	0.20
1644	2285.0	3165.0	20.93	1.326	0.23	0.31
1645	2285.0	3578.0	21.51	1.410	0.02	-0.21
1646	2294.0	3016.0	27.37	1.092	0.92	-0.25
1647	2294.0	3111.0	25.39	0.715	-0.24	0.44
1648	2295.0	2516.0	16.22	0.630	-0.15	-0.20
1649	2298.0	1766.0	24.91	0.502	0.04	-0.28
1650	2300.0	2328.0	20.16	1.238	-0.33	-0.14
1651	2301.0	3799.0	20.93	1.340	0.23	0.08
1652	2302.0	1421.0	19.45	1.135	0.21	0.05
1653	2302.0	2501.0	18.11	0.868	-0.24	0.01
1654	2307.0	2771.0	18.80	1.002	-0.02	0.12
1655	2307.0	2894.0	20.23	1.250	-0.08	0.08
1656	2315.0	3870.0	22.33	1.571	-0.13	-0.17
1657	2317.0	3553.0	25.51	0.695	0.03	0.10
1658	2319.0	1473.0	17.05	0.715	0.12	-0.20
1659	2322.0	2313.0	17.82	0.810	-0.26	0.12
1660	2324.0	2804.0	27.46	0.632	0.57	0.93
1661	2324.0	2920.0	22.14	1.521	-0.16	0.30
1662	2325.0	1321.0	25.07	0.564	-0.02	-0.29
1663	2325.0	2538.0	19.08	1.060	-0.04	-0.04
1664	2330.0	3130.0	26.15	0.902	0.41	0.44
1665	2335.0	2912.0	21.05	1.346	-0.16	0.12
1666	2336.0	2360.0	27.06	3.314	-0.22	0.93
1667	2337.0	1495.0	25.24	0.629	-0.19	0.08
1668	2337.0	1584.0	18.35	0.906	-0.18	0.32
1669	2337.0	2019.0	16.93	0.696	-0.11	-0.46
1670	2338.0	1869.0	21.24	1.368	0.14	-0.33
1671	2339.0	1956.0	25.34	0.641	-0.09	-0.05
1672	2342.0	4051.0	21.22	1.387	-0.18	0.35
1673	2345.0	3459.0	19.89	1.209	0.01	-0.18
1674	2345.0	3804.0	23.22	1.915	0.13	-0.31
1675	2345.0	3994.0	17.23	0.733	0.27	-0.10
1676	2348.0	1840.0	26.47	1.016	0.19	-0.36
1677	2348.0	2093.0	18.47	0.936	0.25	-0.18
1678	2349.0	2779.0	27.44	3.626	0.33	1.30
1679	2351.0	2822.0	20.62	1.298	-0.18	0.19
1680	2351.0	3181.0	20.38	1.276	0.01	-0.24
1681	2353.0	1008.0	26.30	1.052	-0.16	0.09
1682	2354.0	2996.0	18.35	0.908	0.20	0.00
1683	2357.0	2872.0	20.97	1.338	0.31	0.31
1684	2358.0	3521.0	19.77	1.185	-0.16	-0.25
1685	2359.0	1819.0	18.56	0.951	-0.13	0.20
1686	2359.0	3923.0	22.64	1.688	0.20	-0.17
1687	2360.0	3346.0	19.54	1.155	-0.29	-0.05
1688	2362.0	2885.0	21.13	1.355	0.18	0.09
1689	2362.0	4078.0	20.26	1.261	0.16	0.22
1690	2364.0	1627.0	21.54	1.414	0.10	0.04
1691	2370.0	3354.0	16.38	0.656	0.21	-0.29
1692	2371.0	2386.0	23.47	2.027	0.20	0.29
1693	2372.0	1525.0	22.03	1.504	-0.21	0.06
1694	2372.0	3667.0	20.01	1.224	-0.22	0.11
1695	2373.0	3829.0	19.54	1.156	-0.27	-0.48
1696	2374.0	1568.0	21.50	1.408	0.28	0.25
1697	2375.0	1786.0	21.02	1.343	-0.06	-0.11
1698	2380.0	2413.0	19.94	1.209	-0.04	-0.08
1699	2381.0	2548.0	19.49	1.141	0.07	0.17
1700	2381.0	3892.0	20.61	1.291	-0.11	0.35
1701	2382.0	2825.0	25.95	0.844	0.15	-0.24
1702	2383.0	1559.0	21.92	1.481	0.14	0.15
1703	2383.0	2761.0	27.17	1.392	-0.40	0.10
1704	2386.0	1608.0	22.46	1.590	-0.18	-0.13
1705	2387.0	1079.0	20.01	1.222	-0.03	-0.14
1706	2387.0	3058.0	17.95	0.839	-0.18	-0.11
1707	2388.0	1656.0	27.44	1.076	0.62	-0.65
1708	2389.0	1103.0	16.54	0.676	0.08	-0.59
1709	2390.0	3628.0	27.01	1.204	-1.04	-0.89
1710	2390.0	4101.0	17.81	0.810	-0.03	0.08
1711	2391.0	3394.0	27.48	1.380	-0.81	0.19
1712	2391.0	3466.0	20.93	1.323	0.08	-0.08
1713	2391.0	4062.0	21.24	1.388	-0.34	0.04
1714	2392.0	2696.0	20.84	1.333	0.10	-0.25
1715	2393.0	1232.0	20.79	1.318	0.22	-0.18
1716	2395.0	2798.0	25.89	0.814	0.43	0.21
1717	2399.0	1733.0	21.63	1.430	-0.19	0.03
1718	2399.0	3952.0	18.10	0.872	-0.38	0.08
1719	2400.0	1430.0	19.29	1.107	-0.09	-0.12
1720	2400.0	1964.0	26.72	1.146	0.04	-0.61
1721	2401.0	3227.0	18.40	0.935	0.29	0.22
1722	2403.0	1894.0	22.51	1.616	-0.27	-0.39
1723	2403.0	2709.0	21.76	1.451	0.28	-0.19
1724	2405.0	2192.0	18.73	0.985	0.23	0.04
1725	2405.0	2403.0	18.17	0.880	0.24	0.05
1726	2406.0	2497.0	17.06	0.723	-0.16	-0.25
1727	2408.0	1166.0	21.50	1.416	0.19	0.15
1728	2409.0	1291.0	19.17	1.077	0.11	0.04
1729	2411.0	3469.0	16.12	0.634	-0.15	-0.64
1730	2412.0	2307.0	27.10	1.113	0.89	0.63
1731	2413.0	1902.0	22.20	1.525	-0.07	0.07
1732	2413.0	3292.0	20.49	1.290	-0.26	0.23
1733	2414.0	1842.0	17.70	0.797	0.18	-0.27
1734	2414.0	3320.0	20.61	1.298	-0.07	-0.06
1735	2415.0	1745.0	20.27	1.255	0.51	-0.08
1736	2417.0	1346.0	21.16	1.361	-0.21	0.34
1737	2419.0	2827.0	20.59	1.295	-0.13	-0.31
1738	2419.0	3888.0	16.37	0.646	0.00	-0.18
1739	2422.0	1852.0	20.03	1.219	0.17	-0.18
1740	2422.0	2758.0	21.90	1.476	-0.20	0.38
1741	2423.0	2931.0	18.36	0.906	0.21	0.08
1742	2425.0	3478.0	20.32	1.269	-0.05	-0.01
1743	2426.0	3789.0	16.18	0.633	0.17	-0.42
1744	2427.0	1409.0	19.18	1.083	-0.44	-0.07
1745	2428.0	1942.0	18.12	0.874	0.18	0.02
1746	2428.0	3838.0	20.72	1.310	0.18	-0.18
1747	2429.0	1157.0	22.41	1.604	0.34	0.12
1748	2436.0	2849.0	21.33	1.384	0.32	-0.24
1749	2438.0	3587.0	25.61	0.748	-0.03	-0.12
1750	2440.0	1489.0	17.78	0.808	0.08	-0.35
1751	2442.0	1651.0	17.42	0.753	0.08	-0.10
1752	2442.0	2709.0	18.73	0.976	-0.12	-0.04
1753	2443.0	2087.0	21.22	1.371	0.26	-0.22
1754	2443.0	3265.0	20.85	1.329	0.20	0.06
1755	2448.0	2637.0	20.17	1.242	0.32	0.30
1756	2449.0	4024.0	20.60	1.294	0.35	0.06
1757	2450.0	1888.0	16.58	0.665	0.00	-0.71
1758	2452.0	2560.0	23.03	1.851	0.22	-0.27
1759	2454.0	1371.0	21.85	1.464	-0.12	0.08
1760	2454.0	1621.0	22.48	1.611	-0.06	-0.07
1761	2454.0	3449.0	24.81	0.528	-0.22	0.22
1762	2455.0	2103.0	21.80	1.450	0.08	-0.10
1763	2455.0	3392.0	18.19	0.874	0.20	-0.11
1764	2455.0	3704.0	21.78	1.445	0.25	0.26
1765	2459.0	1174.0	22.15	1.533	0.19	0.22
1766	2460.0	3318.0	20.45	1.284	0.19	-0.27
1767	2460.0	4042.0	20.55	1.289	-0.15	0.19
1768	2462.0	2248.0	27.15	1.232	-0.23	0.20
1769	2462.0	2576.0	22.89	1.780	0.04	-0.16
1770	2464.0	3880.0	18.75	0.992	-0.03	-0.28
1771	2465.0	1311.0	23.20	1.916	-0.08	-0.16
1772	2467.0	1993.0	21.45	1.620	0.48	0.03
1773	2467.0	3695.0	20.66	1.290	-0.12	-0.02
1774	2468.0	1300.0	20.39	1.273	-0.06	-0.14
1775	2470.0	1963.0	21.42	1.377	-0.07	-0.25
1776	2471.0	2813.0	20.64	1.297	-0.15	-0.02
1777	2475.0	1407.0	19.94	1.215	0.18	-0.24
1778	2475.0	2635.0	21.11	1.351	-0.15	-0.01
1779	2477.0	2453.0	27.17	1.296	0.02	0.22
1780	2480.0	1999.0	14.50	0.770	-0.02	-0.85
1781	2489.0	2338.0	26.78	1.237	0.21	0.23
1782	2491.0	1705.0	26.31	1.032	-0.24	0.29
1783	2492.0	3397.0	21.79	1.458	0.07	0.22
1784	2493.0	3044.0	26.31	1.084	-0.17	-0.55
1785	2494.0	2543.0	21.67	1.424	0.41	0.19
1786	2494.0	3215.0	17.63	0.801	0.08	-0.22
1787	2495.0	3645.0	22.56	1.627	0.39	0.35
1788	2496.0	2269.0	18.56	0.951	-0.19	-0.20
1789	2496.0	3766.0	21.84	1.466	0.07	-0.21
1790	2496.0	4087.0	21.87	1.448	0.27	-0.31
1791	2497.0	2828.0	19.13	1.067	-0.05	-0.23
1792	2501.0	2623.0	26.95	1.178	0.10	-0.72
1793	2503.0	1173.0	21.76	1.454	0.29	0.24
1794	2505.0	2413.0	19.91	1.207	-0.15	0.02
1795	2505.0	3013.0	17.65	0.788	-0.11	-0.15
1796	2506.0	3183.0	22.59	1.650	0.02	0.04
1797	2509.0	2970.0	20.81	1.311	0.10	0.23
1798	2510.0	2585.0	18.42	0.918	0.19	0.19
1799	2511.0	3553.0	18.04	0.869	0.04	0.30
1800	2512.0	3851.0	20.64	1.316	0.06	-0.19
1801	2513.0	1357.0	17.95	0.841	0.08	-0.08
1802	2521.0	3191.0	22.58	1.660	-0.24	-0.31
1803	2526.0	3780.0	21.03	1.347	0.27	0.27
1804	2527.0	1064.0	21.70	1.445	-0.29	0.26
1805	2527.0	2714.0	27.19	1.290	-0.72	0.87
1806	2528.0	3118.0	19.62	1.157	-0.23	0.19
1807	2530.0	3267.0	19.45	1.140	0.25	-0.03
1808	2531.0	1737.0	26.41	0.983	0.03	0.36
1809	2534.0	2411.0	17.84	0.823	-0.10	-0.12
1810	2535.0	1361.0	16.68	0.678	0.13	-0.39
1811	2536.0	1911.0	21.16	1.351	-0.17	-0.06
1812	2536.0	2180.0	21.88	1.452	0.26	0.21
1813	2536.0	3071.0	22.91	1.722	0.19	0.24
1814	2536.0	3176.0	23.00	1.830	0.17	-0.24
1815	2536.0	3234.0	20.25	1.268	-0.02	-0.35
1816	2540.0	1812.0	21.93	1.470	-0.26	-0.02
1817	2540.0	2694.0	21.52	1.420	0.33	0.11
1818	2541.0	3450.0	19.60	1.164	-0.19	-0.41
1819	2544.0	3264.0	24.96	2.741	-0.45	0.11
1820	2544.0	3829.0	20.67	1.308	-0.05	0.08
1821	2545.0	3279.0	17.89	0.834	0.23	-0.09
1822	2546.0	1602.0	26.61	1.145	-0.41	0.11
1823	2546.0	3374.0	27.26	1.015	-0.07	-0.52
1824	2548.0	3310.0	17.47	0.765	-0.01	-0.07
1825	2550.0	1334.0	27.03	1.117	0.62	0.61
1826	2550.0	3497.0	20.74	1.308	-0.12	0.11
1827	2551.0	1318.0	21.21	1.375	-0.15	-0.32
1828	2552.0	3635.0	21.17	1.360	-0.40	0.35
1829	2554.0	1159.0	18.15	0.879	-0.30	-0.37
1830	2555.0	2435.0	20.54	1.277	0.05	-0.37
1831	2557.0	1522.0	16.95	0.692	0.04	-0.41
1832	2557.0	3205.0	20.61	1.305	0.34	-0.22
1833	2559.0	1310.0	20.58	1.299	-0.02	0.35
1834	2559.0	1746.0	20.23	1.250	0.26	0.07
1835	2561.0	2517.0	21.19	1.352	0.27	0.19
1836	2563.0	3544.0	23.01	1.789	0.10	0.07
1837	2565.0	3565.0	25.89	0.820	0.15	0.13
1838	2565.0	4013.0	20.03	1.215	-0.03	0.17
1839	2567.0	4074.0	19.05	1.047	0.03	-0.21
1840	2568.0	3332.0	21.11	1.358	-0.06	-0.12
1841	2571.0	3061.0	27.37	1.319	0.34	0.31
1842	2572.0	1220.0	19.69	1.175	0.03	-0.20
1843	2572.0	1838.0	22.24	1.536	-0.31	0.14
1844	2572.0	3925.0	17.44	0.768	-0.19	-0.42
1845	2575.0	1471.0	16.07	0.632	0.15	-0.13
1846	2577.0	1742.0	27.00	1.244	1.15	0.44
1847	2578.0	3962.0	23.45	2.061	-0.28	-0.42
1848	2579.0	2688.0	21.25	1.369	0.31	0.13
1849	2580.0	1189.0	21.00	1.347	0.37	0.06
1850	2580.0	1301.0	20.45	1.282	0.26	0.14
1851	2582.0	2650.0	20.26	1.249	0.19	-0.28
1852	2583.0	2199.0	21.93	1.460	-0.11	-0.16
1853	2587.0	2251.0	20.65	1.289	-0.16	-0.13
1854	2592.0	2978.0	17.47	0.752	-0.07	-0.16
1855	2595.0	1136.0	22.01	1.507	0.08	-0.01
1856	2597.0	1878.0	21.12	1.355	0.51	0.10
1857	2597.0	2807.0	20.81	1.310	0.01	0.18
1858	2598.0	1810.0	20.93	1.327	0.26	0.04
1859	2601.0	1599.0	23.64	0.148	0.12	-0.25
1860	2603.0	1505.0	16.92	0.698	-0.10	-0.57
1861	2604.0	2454.0	19.67	1.160	0.04	0.06
1862	2605.0	1236.0	21.41	1.398	-0.16	0.19
1863	2606.0	1986.0	17.79	0.829	0.00	0.00
1864	2608.0	2784.0	19.94	1.198	0.31	0.28
1865	2609.0	3301.0	25.72	4.177	-0.07	-0.25
1866	2611.0	4055.0	29.05	1.460	-0.20	1.49
1867	2615.0	3743.0	23.49	2.078	0.14	-0.08
1868	2617.0	2626.0	26.50	1.047	-0.17	0.08
1869	2617.0	3048.0	15.78	0.628	0.25	0.05
1870	2619.0	1495.0	21.34	1.388	-0.09	0.33
1871	2619.0	2833.0	20.79	1.309	0.28	-0.24
1872	2621.0	3543.0	18.24	0.892	0.10	0.26
1873	2624.0	3076.0	16.52	0.646	0.63	-0.18
1874	2627.0	1896.0	21.33	1.382	0.12	0.04
1875	2627.0	3610.0	25.69	0.769	-0.08	-0.08
1876	2631.0	3309.0	17.98	0.850	0.05	-0.36
1877	2632.0	3236.0	20.80	1.321	0.20	0.40
1878	2633.0	2267.0	23.17	1.849	-0.17	0.32
1879	2639.0	2469.0	19.48	1.127	-0.07	0.04
1880	2640.0	1568.0	19.36	1.111	-0.04	0.01
1881	2640.0	1787.0	16.27	0.639	-0.29	-0.45
1882	2640.0	1831.0	22.39	1.540	0.00	0.12
1883	2640.0	2849.0	18.14	0.875	0.13	0.36
1884	2641.0	3126.0	19.99	1.217	0.31	0.23
1885	2641.0	3838.0	23.23	1.942	0.01	-0.33
1886	2643.0	3633.0	26.02	0.863	-0.08	-0.28
1887	2644.0	2873.0	17.45	0.756	-0.30	-0.02
1888	2645.0	1298.0	21.85	1.469	0.39	-0.29
1889	2648.0	2538.0	24.01	0.255	-0.09	0.27
1890	2651.0	2078.0	15.76	0.607	-0.18	-0.22
1891	2651.0	2362.0	19.45	1.118	-0.01	0.01
1892	2652.0	2104.0	17.86	0.790	-0.02	-0.28
1893	2653.0	3592.0	22.90	1.750	-0.25	0.20
1894	2655.0	2899.0	21.27	1.379	0.17	-0.12
1895	2656.0	3863.0	18.04	0.848	0.46	0.11
1896	2657.0	3262.0	26.63	1.084	0.32	0.46
1897	2658.0	3997.0	18.14	0.866	-0.14	-0.26
1898	2660.0	2965.0	20.29	1.251	-0.28	0.02
1899	2661.0	1664.0	18.88	1.025	-0.35	0.21
1900	2661.0	2037.0	21.35	1.364	-0.10	0.13
1901	2661.0	2866.0	24.98	0.537	-0.27	0.30
1902	2664.0	3916.0	15.39	0.637	-0.10	-0.18
1903	2666.0	1419.0	23.78	2.354	0.19	-0.17
1904	2666.0	3216.0	18.51	0.927	-0.24	-0.11
1905	2667.0	1966.0	19.91	1.200	-0.17	0.27
1906	2667.0	2600.0	23.63	2.112	0.29	-0.15
1907	2669.0	2101.0	19.10	1.046	0.04	-0.28
1908	2671.0	2087.0	21.89	1.510	0.10	-0.03
1909	2671.0	2209.0	20.09	1.216	0.02	-0.14
1910	2675.0	4034.0	20.84	1.326	-0.09	-0.18
1911	2677.0	1377.0	19.33	1.114	0.21	-0.41
1912	2683.0	1409.0	17.27	0.740	-0.31	-0.38
1913	2684.0	1886.0	21.78	1.452	-0.18	0.21
1914	2685.0	1674.0	23.43	1.984	0.25	0.40
1915	2686.0	2493.0	23.18	1.890	0.13	0.17
1916	2688.0	3268.0	21.03	1.349	-0.27	0.12
1917	2688.0	3398.0	21.77	1.454	0.15	-0.03
1918	2692.0	3799.0	20.71	1.294	0.19	-0.22
1919	2692.0	3813.0	26.24	0.979	-0.69	0.16
1920	2695.0	2249.0	20.83	1.302	0.02	-0.02
1921	2695.0	3315.0	20.34	1.271	-0.38	-0.12
1922	2699.0	3373.0	22.34	1.571	0.00	0.18
1923	2702.0	2381.0	20.63	1.283	0.25	0.21
1924	2702.0	3925.0	17.54	0.778	-0.18	-0.02
1925	2707.0	1832.0	27.01	1.190	-0.26	-0.05
1926	2707.0	2868.0	23.21	1.925	-0.05	0.18
1927	2712.0	1478.0	23.61	0.133	0.38	-0.27
1928	2712.0	3217.0	15.88	0.619	0.22	-0.14
1929	2712.0	3953.0	18.65	0.955	-0.21	0.23
1930	2714.0	1196.0	20.73	1.311	-0.13	-0.22
1931	2715.0	3800.0	18.05	0.857	0.03	-0.15
1932	2716.0	3526.0	20.99	1.324	0.08	-0.11
1933	2717.0	4111.0	27.50	1.277	-0.66	0.70
1934	2721.0	1535.0	21.51	1.432	-0.07	-0.14
1935	2722.0	3271.0	19.02	1.055	0.21	0.21
1936	2725.0	1550.0	17.53	0.776	-0.18	-0.27
1937	2729.0	2340.0	19.01	1.031	-0.09	-0.09
1938	2730.0	1398.0	22.59	-0.008	-0.26	0.04
1939	2730.0	2722.0	21.66	1.422	-0.05	0.13
1940	2733.0	3970.0	21.98	1.504	0.02	-0.18
1941	2734.0	3961.0	21.99	1.502	0.49	-0.07
1942	2735.0	1411.0	21.08	1.353	0.19	0.16
1943	2735.0	2750.0	21.68	1.423	0.08	-0.03
1944	2735.0	2979.0	22.09	1.487	0.07	-0.10
1945	2737.0	3624.0	22.73	1.681	-0.19	-0.12
1946	2738.0	1392.0	21.92	1.483	0.02	0.28
1947	2741.0	3928.0	22.29	1.573	-0.21	0.13
1948	2743.0	3694.0	27.22	1.229	0.03	0.05
1949	2748.0	1180.0	20.07	1.235	0.32	0.26
1950	2751.0	1523.0	21.38	1.389	-0.28	-0.04
1951	2751.0	3267.0	20.89	1.335	0.45	0.22
1952	2752.0	2020.0	27.18	1.323	0.12	-0.53
1953	2753.0	2232.0	16.35	0.629	-0.02	-0.27
1954	2754.0	1335.0	20.13	1.238	-0.06	0.18
1955	2756.0	2810.0	17.55	0.764	0.11	0.20
1956	2757.0	3745.0	24.02	2.447	0.35	-0.22
1957	2759.0	2898.0	20.91	1.318	0.07	-0.02
1958	2761.0	1594.0	19.58	1.156	0.32	0.08
1959	2765.0	1891.0	20.04	1.220	0.10	0.19
1960	2766.0	2268.0	22.12	1.520	0.06	0.16
1961	2768.0	1650.0	26.36	1.049	-0.16	0.12
1962	2771.0	1848.0	21.39	1.382	-0.08	0.14
1963	2774.0	2111.0	22.19	1.518	-0.05	0.25
1964	2774.0	3003.0	19.73	1.175	-0.23	-0.41
1965	2775.0	1680.0	20.48	1.282	-0.17	-0.13
1966	2777.0	1964.0	25.94	3.865	0.15	0.40
1967	2777.0	2656.0	20.91	1.328	0.02	0.01
1968	2780.0	2546.0	18.74	0.989	-0.21	0.24
1969	2781.0	3409.0	19.44	1.127	-0.07	-0.14
1970	2784.0	3583.0	19.54	1.145	-0.14	-0.32
1971	2789.0	2932.0	20.08	1.224	-0.30	0.36
1972	2790.0	1565.0	22.57	1.660	-0.06	0.45
1973	2791.0	2502.0	26.18	0.949	0.90	-0.09
1974	2791.0	3576.0	20.74	1.301	-0.25	-0.38
1975	2795.0	1767.0	21.58	1.421	0.11	0.13
1976	2798.0	3752.0	22.71	1.675	0.11	-0.14
1977	2802.0	2374.0	21.24	1.357	-0.01	0.13
1978	2802.0	3795.0	23.02	1.820	-0.17	-0.15
1979	2803.0	2312.0	18.46	0.925	0.34	-0.29
1980	2803.0	2729.0	22.44	1.595	-0.24	-0.05
1981	2804.0	2351.0	20.75	1.293	0.16	0.13
1982	2813.0	1604.0	21.66	1.400	-0.20	0.34
1983	2814.0	1932.0	16.53	0.658	-0.11	-0.53
1984	2817.0	3573.0	23.22	1.906	-0.05	-0.42
1985	2823.0	1686.0	18.82	1.013	-0.31	0.03
1986	2826.0	2254.0	19.42	1.112	-0.11	0.19
1987	2829.0	1462.0	26.38	0.995	-0.36	-0.19
1988	2829.0	2931.0	20.11	1.235	-0.01	0.35
1989	2834.0	3114.0	18.09	0.863	-0.25	-0.16
1990	2837.0	2075.0	23.10	1.817	-0.05	0.13
1991	2837.0	2759.0	18.34	0.905	0.18	0.02
1992	2839.0	2705.0	20.23	1.241	-0.01	-0.19
1993	2843.0	3950.0	17.72	0.789	0.09	0.01
1994	2846.0	2275.0	19.85	1.182	0.45	0.11
1995	2846.0	3734.0	17.53	0.769	-0.10	-0.39
1996	2847.0	1367.0	19.67	1.176	-0.05	0.35
1997	2847.0	3880.0	22.35	1.571	0.05	-0.01
1998	2848.0	3474.0	15.53	0.620	0.09	-0.18
1999	2849.0	4031.0	17.54	0.770	-0.16	0.05
2000	2850.0	3979.0	21.31	1.382	-0.16	-0.36
2001	2853.0	2466.0	24.98	0.527	0.10	0.47
2002	2854.0	2813.0	19.55	1.176	-0.18	0.04
2003	2854.0	3139.0	15.51	0.621	0.15	0.28
2004	2854.0	3511.0	18.42	0.928	0.23	-0.38
2005	2856.0	2055.0	22.16	1.506	-0.15	-0.13
2006	2856.0	2739.0	23.28	1.940	0.20	0.09
2007	2858.0	4089.0	21.60	1.434	0.43	0.15
2008	2865.0	2793.0	20.62	1.291	0.09	-0.07
2009	2867.0	1978.0	23.82	2.281	-0.07	0.06
2010	2867.0	2430.0	20.17	1.227	-0.31	-0.40
2011	2867.0	3819.0	20.69	1.310	0.10	0.29
2012	2868.0	1923.0	17.43	0.750	-0.16	-0.29
2013	2869.0	1887.0	23.27	0.081	-0.13	0.00
2014	2870.0	2574.0	20.13	1.221	0.31	0.21
2015	2871.0	1941.0	16.39	0.644	-0.34	-0.36
2016	2871.0	2528.0	24.22	2.607	0.27	0.17
2017	2871.0	3631.0	23.28	1.974	-0.15	-0.13
2018	2873.0	3438.0	17.00	0.697	0.41	-0.03
2019	2874.0	2100.0	19.92	1.188	0.09	-0.29
2020	2882.0	2535.0	20.10	1.219	0.20	0.25
2021	2883.0	3583.0	20.40	1.273	-0.37	0.07
2022	2886.0	1458.0	19.21	1.101	-0.06	-0.23
2023	2886.0	2035.0	26.79	1.092	-0.66	-0.24
2024	2888.0	1868.0	26.72	1.074	-0.33	-0.40
2025	2893.0	1796.0	17.00	0.696	-0.01	0.15
2026	2897.0	2311.0	20.28	1.244	-0.10	0.11
2027	2898.0	3782.0	20.33	1.266	-0.39	0.00
2028	2901.0	2929.0	19.18	1.077	0.31	-0.19
2029	2903.0	1811.0	22.64	1.669	-0.05	-0.11
2030	2906.0	2447.0	18.80	0.986	-0.10	-0.25
2031	2909.0	1972.0	22.67	1.664	0.04	0.05
2032	2910.0	3715.0	19.50	1.140	-0.35	-0.29
2033	2912.0	2952.0	23.12	1.847	0.23	-0.14
2034	2913.0	2890.0	20.69	1.313	0.04	0.02
2035	2914.0	2310.0	21.49	1.394	0.18	0.05
2036	2914.0	2676.0	16.66	0.661	-0.36	0.54
2037	2918.0	1856.0	17.45	0.765	0.03	-0.20
2038	2919.0	3976.0	17.86	0.824	-0.05	-0.22
2039	2920.0	3306.0	19.01	1.048	-0.03	0.12
2040	2921.0	1523.0	21.43	1.393	-0.06	0.20
2041	2923.0	1272.0	21.44	1.409	0.29	0.13
2042	2925.0	4007.0	19.58	1.159	0.15	0.14
2043	2926.0	1648.0	21.60	1.429	-0.08	-0.04
2044	2927.0	2386.0	18.08	0.834	0.20	0.22
2045	2929.0	1579.0	21.48	1.409	0.10	0.15
2046	2929.0	3931.0	20.32	1.266	-0.20	-0.13
2047	2933.0	2617.0	27.14	1.247	0.35	0.07
2048	2935.0	4028.0	22.37	1.624	0.02	-0.31
2049	2937.0	2382.0	20.41	1.259	0.07	-0.34
2050	2940.0	3200.0	20.68	1.306	0.19	-0.10
2051	2940.0	3358.0	21.53	1.418	-0.15	0.38
2052	2944.0	2937.0	22.11	1.516	0.20	-0.29
2053	2945.0	1813.0	21.80	1.460	0.07	-0.04
2054	2947.0	1846.0	21.52	1.417	0.08	0.18
2055	2947.0	2909.0	26.35	3.872	-0.62	-0.83
2056	2947.0	3978.0	27.45	1.353	-0.59	1.11
2057	2952.0	2321.0	21.27	1.371	-0.34	0.00
2058	2952.0	2440.0	20.37	1.258	0.29	-0.08
2059	2953.0	2554.0	21.81	1.446	-0.41	0.15
2060	2955.0	3280.0	19.99	1.227	0.18	0.27
2061	2958.0	2294.0	27.25	1.274	0.67	-0.14
2062	2958.0	2804.0	20.74	1.306	0.14	-0.08
2063	2959.0	1848.0	19.75	1.191	-0.12	0.16
2064	2962.0	2832.0	18.47	0.945	0.21	-0.25
2065	2965.0	2261.0	21.55	1.396	-0.25	0.17
2066	2965.0	2629.0	19.77	1.177	0.09	-0.24
2067	2966.0	2225.0	20.81	1.312	-0.11	-0.32
2068	2966.0	2510.0	26.65	1.125	-0.85	-0.17
2069	2966.0	3049.0	27.28	1.134	0.85	-0.35
2070	2971.0	1834.0	18.92	1.025	0.12	-0.22
2071	2975.0	3860.0	19.83	1.148	-0.11	-0.06
2072	2976.0	2121.0	26.82	1.195	0.08	-0.52
2073	2977.0	1369.0	21.44	1.401	0.18	0.13
2074	2977.0	2060.0	20.31	1.250	0.38	0.13
2075	2978.0	2038.0	19.73	1.173	-0.08	-0.26
2076	2980.0	2852.0	25.78	0.787	0.06	0.18
2077	2982.0	1521.0	20.60	1.315	0.11	-0.29
2078	2982.0	1800.0	22.15	1.532	0.04	0.00
2079	2985.0	2547.0	19.56	1.138	-0.18	-0.18
2080	2987.0	3946.0	22.20	1.538	-0.12	0.09
2081	2988.0	2929.0	18.87	1.019	0.34	-0.09
2082	2991.0	2761.0	25.16	0.590	-0.17	-0.26
2083	2992.0	1651.0	20.67	1.307	0.13	0.12
2084	2992.0	3611.0	23.84	2.348	0.30	-0.02
2085	2997.0	1703.0	21.99	1.509	0.19	-0.12
2086	3006.0	1529.0	21.92	1.495	0.06	-0.08
2087	3006.0	3614.0	19.04	1.047	-0.20	0.21
2088	3007.0	2469.0	23.23	1.899	0.24	0.06
2089	3009.0	3104.0	21.73	1.444	0.04	0.02
2090	3010.0	1910.0	21.04	1.353	0.02	0.08
2091	3010.0	3062.0	21.38	1.384	0.14	0.14
2092	3012.0	2201.0	19.96	1.206	-0.21	-0.02
2093	3014.0	1402.0	20.79	1.326	-0.15	-0.22
2094	3017.0	3654.0	25.64	0.728	0.04	0.40
2095	3018.0	3513.0	21.01	1.334	-0.32	0.31
2096	3019.0	2287.0	21.65	1.422	-0.04	-0.02
2097	3020.0	1724.0	22.48	1.626	0.09	-0.02
2098	3020.0	1890.0	19.83	1.206	0.21	-0.04
2099	3024.0	1516.0	26.66	1.128	-0.25	1.21
2100	3027.0	1649.0	17.86	0.829	0.04	-0.09
2101	3030.0	3401.0	15.38	0.636	0.05	0.03
2102	3033.0	3743.0	17.30	0.731	-0.06	-0.51
2103	3036.0	2041.0	22.57	1.630	-0.16	0.07
2104	3042.0	1833.0	17.25	0.751	-0.19	-0.10
2105	3043.0	1783.0	22.31	1.583	0.04	0.00
2106	3044.0	1775.0	21.95	1.496	-0.02	0.24
2107	3045.0	2264.0	21.06	1.349	-0.22	0.20
2108	3048.0	2464.0	21.69	1.426	-0.04	0.17
2109	3050.0	3475.0	17.86	0.824	-0.07	0.27
2110	3054.0	2277.0	20.03	1.222	0.31	0.06
2111	3054.0	3821.0	19.49	1.138	0.19	0.24
2112	3057.0	1878.0	20.05	1.239	-0.18	-0.15
2113	3060.0	2410.0	25.80	0.802	0.09	0.31
2114	3060.0	3578.0	16.36	0.648	0.28	-0.68
2115	3063.0	2489.0	17.78	0.814	0.04	-0.29
2116	3063.0	3455.0	18.00	0.850	0.44	-0.20
2117	3068.0	2126.0	18.00	0.848	0.12	-0.13
2118	3070.0	2964.0	21.46	1.398	0.01	-0.40
2119	3074.0	2789.0	18.72	1.004	-0.29	0.39
2120	3075.0	2338.0	26.43	1.012	-0.89	-0.78
2121	3084.0	3155.0	17.69	0.784	0.07	0.12
2122	3088.0	3144.0	19.33	1.152	-0.16	0.00
2123	3092.0	2004.0	15.88	0.620	0.00	-0.07
2124	3094.0	2199.0	22.60	1.662	-0.11	-0.41
2125	3095.0	2681.0	21.16	1.362	0.07	0.22
2126	3096.0	3088.0	23.53	0.125	0.28	0.15
2127	3100.0	3303.0	21.03	1.343	0.00	0.51
2128	3101.0	2473.0	19.43	1.136	0.09	0.06
2129	3105.0	3154.0	21.32	1.385	0.28	-0.28
2130	3111.0	2228.0	27.43	1.432	-0.77	0.23
2131	3113.0	1796.0	27.01	1.320	-1.03	0.61
2132	3114.0	2210.0	23.24	1.934	0.04	0.22
2133	3115.0	1868.0	21.86	1.474	-0.10	0.14
2134	3115.0	3664.0	22.06	1.506	0.23	-0.39
2135	3116.0	3310.0	17.76	0.797	-0.23	0.31
2136	3117.0	1877.0	27.29	1.176	1.08	0.80
2137	3118.0	2866.0	26.27	0.976	0.55	0.36
2138	3122.0	1955.0	27.08	1.285	1.22	-0.49
2139	3125.0	2233.0	22.09	1.524	0.15	0.13
2140	3125.0	3145.0	20.68	1.311	-0.14	0.08
2141	3127.0	1858.0	20.30	1.354	0.34	0.02
2142	3128.0	3564.0	21.01	1.340	-0.05	-0.05
2143	3131.0	2017.0	20.72	1.317	-0.16	-0.17
2144	3131.0	3545.0	17.37	0.738	-0.07	-0.34
2145	3135.0	1801.0	20.43	1.297	-0.05	-0.08
2146	3138.0	3699.0	18.78	0.992	0.01	0.04
2147	3140.0	2025.0	20.21	1.266	0.14	-0.19
2148	3141.0	2410.0	21.10	1.374	0.00	-0.05
2149	3142.0	2076.0	20.41	1.280	0.04	0.21
2150	3144.0	2700.0	18.16	0.752	0.14	0.13
2151	3145.0	2109.0	21.58	1.428	0.20	-0.14
2152	3147.0	1689.0	15.73	0.631	0.08	-0.41
2153	3148.0	1813.0	16.65	0.691	-0.04	-0.19
2154	3149.0	2554.0	25.65	0.721	0.36	0.32
2155	3149.0	3413.0	19.88	1.202	0.48	-0.24
2156	3150.0	2051.0	21.63	1.434	0.22	0.11
2157	3154.0	2443.0	23.85	2.318	-0.05	-0.19
2158	3156.0	2658.0	21.23	1.370	-0.05	-0.21
2159	3156.0	3108.0	15.75	0.620	0.23	0.21
2160	3158.0	3448.0	21.67	1.411	0.21	0.14
2161	3162.0	2891.0	19.12	1.071	0.04	-0.12
2162	3173.0	2364.0	17.04	0.709	0.31	0.29
2163	3173.0	2562.0	17.96	0.839	-0.07	-0.54
2164	3182.0	1591.0	21.71	1.461	0.13	-0.08
2165	3186.0	2337.0	18.95	0.990	0.36	-0.09
2166	3190.0	2039.0	18.85	1.023	-0.12	0.01
2167	3193.0	1723.0	22.40	1.628	-0.25	-0.25
2168	3197.0	1429.0	19.24	1.099	-0.32	-0.07
2169	3197.0	3471.0	18.86	1.013	-0.36	-0.29
2170	3197.0	3593.0	20.98	1.346	-0.01	-0.10
2171	3199.0	3326.0	17.06	0.709	0.15	0.34
2172	3199.0	3387.0	19.64	1.155	-0.29	-0.19
2173	3203.0	3064.0	23.20	1.893	0.19	-0.15
2174	3204.0	2667.0	22.61	1.666	0.10	0.04
2175	3205.0	2810.0	19.29	1.101	0.28	-0.02
2176	3206.0	2487.0	19.56	1.158	0.12	0.20
2177	3207.0	3142.0	21.98	1.480	-0.21	-0.39
2178	3209.0	1729.0	17.84	0.832	0.25	-0.43
2179	3215.0	2426.0	18.91	1.032	0.18	0.19
2180	3217.0	1674.0	19.48	1.144	0.04	-0.15
2181	3225.0	2871.0	19.88	1.202	-0.23	-0.33
2182	3226.0	3301.0	16.76	0.678	-0.16	0.48
2183	3227.0	1533.0	20.88	1.343	0.27	0.18
2184	3228.0	2353.0	10.58	0.885	0.87	-0.79
2185	3237.0	2969.0	20.56	1.297	-0.13	0.38
2186	3241.0	2473.0	18.26	0.896	-0.06	0.18
2187	3247.0	2765.0	25.43	0.639	-0.11	-0.30
2188	3250.0	1928.0	27.05	1.294	0.00	0.36
2189	3250.0	2038.0	19.55	1.167	0.19	0.20
2190	3258.0	3323.0	18.21	0.879	-0.06	0.18
2191	3259.0	2848.0	20.82	1.317	-0.27	0.36
2192	3261.0	1817.0	21.70	1.433	0.37	0.22
2193	3265.0	3075.0	21.28	1.386	-0.34	0.17
2194	3266.0	2622.0	27.00	1.272	-0.21	0.56
2195	3269.0	3460.0	17.37	0.752	0.11	-0.36
2196	3270.0	2279.0	20.81	1.360	0.09	0.18
2197	3272.0	2956.0	18.19	0.887	-0.13	0.42
2198	3276.0	1887.0	19.93	1.220	-0.40	0.00
2199	3278.0	2680.0	23.18	1.911	0.46	0.17
2200	3279.0	2974.0	17.04	0.694	-0.12	0.34
2201	3279.0	3196.0	26.78	1.126	-0.56	-0.85
2202	3282.0	2819.0	23.06	1.818	-0.29	-0.05
2203	3284.0	2553.0	16.75	0.682	-0.30	0.10
2204	3285.0	2451.0	21.61	1.434	-0.04	0.18
2205	3285.0	2740.0	29.49	1.382	-1.46	-1.01
2206	3289.0	2727.0	22.10	1.515	-0.04	-0.24
2207	3294.0	1865.0	21.38	1.407	-0.17	0.09
2208	3299.0	1830.0	18.29	0.925	-0.26	-0.27
2209	3300.0	2983.0	20.83	1.337	0.04	0.28
2210	3301.0	1682.0	17.38	0.750	-0.10	-0.39
2211	3301.0	3193.0	23.06	1.868	0.07	0.32
2212	3303.0	2879.0	17.07	0.714	0.13	0.03
2213	3306.0	1839.0	22.85	1.739	0.04	-0.15
2214	3312.0	2264.0	15.92	0.636	-0.35	-0.11
2215	3315.0	2558.0	20.57	1.294	-0.18	-0.44
2216	3317.0	2012.0	18.30	0.867	0.04	0.03
2217	3319.0	2939.0	21.16	1.372	-0.19	-0.32
2218	3332.0	1751.0	21.66	1.446	-0.07	-0.07
2219	3332.0	2862.0	16.62	0.670	-0.05	0.19
2220	3335.0	3169.0	17.43	0.755	0.43	-0.07
2221	3338.0	1657.0	18.72	1.012	-0.19	-0.13
2222	3341.0	1690.0	20.70	1.319	-0.31	0.15
2223	3342.0	2941.0	20.06	1.238	0.16	-0.15
2224	3344.0	2037.0	16.17	0.653	-0.01	-0.22
2225	3349.0	3222.0	19.55	1.158	-0.15	0.16
2226	3350.0	3023.0	19.94	1.226	0.20	0.08
2227	3351.0	1602.0	21.96	1.498	-0.11	0.13
2228	3351.0	3101.0	23.86	2.295	0.28	-0.03
2229	3352.0	1773.0	18.55	0.977	0.12	0.03
2230	3352.0	2352.0	22.03	1.140	0.06	0.07
2231	3354.0	2446.0	21.05	1.362	-0.04	-0.06
2232	3358.0	2745.0	21.24	1.373	0.08	-0.01
2233	3359.0	1982.0	19.50	1.172	0.05	0.28
2234	3360.0	3036.0	18.72	0.981	0.10	0.22
2235	3374.0	3326.0	27.62	1.232	-0.67	-0.82
2236	3385.0	2008.0	23.90	2.397	0.04	0.04
2237	3392.0	2968.0	27.28	1.306	-0.34	0.21
2238	3395.0	1791.0	16.94	0.724	-0.41	-0.37
2239	3395.0	2470.0	29.90	1.587	1.72	0.57
2240	3402.0	1617.0	20.92	1.363	-0.10	-0.17
2241	3406.0	2539.0	20.36	1.285	-0.40	0.11
2242	3413.0	2372.0	17.75	0.817	0.14	-0.33
2243	3417.0	1655.0	21.01	1.357	-0.11	0.26
2244	3420.0	3039.0	18.55	0.954	0.22	-0.36
2245	3422.0	2538.0	20.88	1.341	-0.20	0.10
2246	3424.0	2922.0	17.02	0.711	-0.07	0.13
2247	3425.0	2673.0	23.19	1.896	0.34	-0.28
2248	3426.0	2232.0	22.60	1.664	0.35	-0.13
2249	3435.0	2706.0	21.73	1.452	0.52	-0.01
2250	3449.0	1918.0	13.27	0.195	-0.06	-0.16
2251	3452.0	2930.0	22.16	1.519	0.07	0.14
2252	3453.0	2425.0	17.47	0.781	-0.08	-0.22
2253	3453.0	2456.0	18.94	1.041	0.22	0.13
2254	3455.0	2884.0	18.60	0.987	-0.34	0.20
2255	3459.0	2509.0	20.83	1.331	-0.25	-0.06
2256	3461.0	3112.0	20.90	1.340	-0.02	-0.07
2257	3476.0	3057.0	21.41	1.403	-0.03	0.23
2258	3479.0	2098.0	20.29	1.278	0.02	-0.10
2259	3482.0	1966.0	20.45	1.295	0.02	0.13
2260	3495.0	3012.0	21.06	1.355	-0.25	-0.36
2261	3499.0	1898.0	23.42	1.923	-0.16	0.43
2262	3515.0	1836.0	25.81	0.836	0.46	-0.35
2263	3520.0	1886.0	22.19	1.575	0.05	0.06
2264	3526.0	2421.0	21.02	1.357	0.11	0.00
2265	3527.0	2784.0	26.38	1.007	-0.12	0.76
2266	3548.0	2894.0	17.09	0.712	-0.11	-0.14
2267	3552.0	1809.0	24.61	0.455	-0.15	-0.22
2268	3557.0	1854.0	21.22	1.389	0.10	0.10
2269	3557.0	2890.0	18.37	0.938	-0.14	-0.25
2270	3561.0	2148.0	18.92	1.041	-0.08	0.15
2271	3583.0	2751.0	20.75	1.322	0.08	0.23
2272	3587.0	2450.0	26.45	1.041	-0.02	-0.45
2273	3599.0	2554.0	20.60	1.314	0.16	-0.16
2274	3611.0	1770.0	20.89	1.348	-0.25	0.02
2275	3621.0	2293.0	16.84	0.701	-0.38	-0.45
2276	3622.0	2772.0	27.07	1.243	-0.30	-1.21
2277	3624.0	1931.0	20.79	1.335	-0.34	-0.25
2278	3626.0	1836.0	20.06	1.245	-0.01	-0.14
2279	3628.0	2115.0	19.20	1.086	-0.13	-0.11
2280	3630.0	2052.0	17.41	0.871	-0.26	-0.40
2281	3632.0	2562.0	26.44	1.034	-0.84	0.57
2282	3633.0	2127.0	20.85	1.335	0.26	-0.15
2283	3635.0	1957.0	17.64	0.813	-0.34	-0.40
2284	3637.0	2621.0	18.81	1.006	0.05	-0.25
2285	3644.0	2741.0	21.41	1.407	0.23	-0.28
2286	3661.0	2448.0	21.94	1.495	0.04	0.33
2287	3669.0	2407.0	23.25	1.923	-0.20	0.14
2288	3677.0	2238.0	20.66	1.310	0.23	0.08
2289	3678.0	2108.0	21.35	1.400	-0.08	-0.35
2290	3679.0	2731.0	23.92	0.218	0.04	-0.32
2291	3690.0	2137.0	20.73	1.315	0.12	-0.20
2292	3690.0	2248.0	19.77	1.192	-0.03	0.02
2293	3710.0	2569.0	22.08	1.516	0.38	-0.26
2294	3729.0	2575.0	21.59	1.432	0.15	0.13
2295	3730.0	2625.0	17.57	0.787	0.16	0.01
2296	3747.0	2126.0	19.52	1.163	-0.16	0.15
2297	3749.0	1993.0	20.95	1.348	0.24	0.39
2298	3775.0	2440.0	19.68	1.182	-0.40	0.14
2299	3776.0	2289.0	21.57	1.428	0.28	-0.14
2300	3779.0	2024.0	25.34	0.637	0.18	0.31
2301	3789.0	2126.0	20.81	1.327	0.12	0.04
2302	3793.0	2569.0	18.69	1.025	0.22	-0.21
2303	3798.0	2073.0	18.52	0.947	0.17	0.09
2304	3820.0	1991.0	21.78	1.475	-0.23	0.19
2305	3841.0	2071.0	18.32	0.926	0.12	-0.24
2306	3846.0	2312.0	17.94	0.843	0.02	-0.19
2307	3847.0	2460.0	20.24	1.268	-0.11	-0.20
2308	3851.0	2279.0	19.98	1.221	-0.21	-0.21
2309	3854.0	1979.0	22.73	1.434	0.08	-0.38
2310	3879.0	1980.0	19.42	1.134	-0.41	0.15
2311	3881.0	2383.0	15.51	0.632	0.02	-0.47
2312	3883.0	2312.0	22.51	1.628	0.26	0.32
2313	3884.0	2045.0	19.75	1.188	-0.31	0.09
2314	3895.0	2336.0	19.34	1.114	0.15	-0.22
2315	3910.0	2005.0	20.09	1.238	-0.28	0.01
2316	3912.0	2023.0	22.57	1.635	0.02	0.14
2317	3929.0	2220.0	32.36	0.900	1.10	0.95
2318	3935.0	2295.0	17.99	0.864	0.34	-0.17
2319	3940.0	2041.0	18.91	1.021	0.06	-0.37
2320	3969.0	2041.0	20.94	1.328	-0.02	0.19
2321	3979.0	2052.0	17.09	0.712	-0.24	-0.33
2322	4020.0	2153.0	23.01	1.831	-0.27	0.12
2323	4073.0	2078.0	20.87	1.245	0.08	0.30
2324	4084.0	2056.0	15.86	0.620	-0.39	-0.34